125,122,0,123,0,126,117,124,119,120,121,0,128,134,129,0,138,131,135,127,133,137,0,0,0,72,0,74,0,76,0,0,0,0,73,70,23,29,27,20,24,25,19,0,30,22,26,28,54,49,46,0,53,45,47,0,0,0,52,44,140,143,139,142,4,3,5,1,6,0,144,141,84,90,82,79,87,83,0,85,80,86,88,81,31,40,39,35,36,0,0,33,41,32,0,0,0,0,0,101,0,95,92,91,100,96,98,94,64,62,66,63,55,59,58,0,60,56,57,61,106,0,103,114,0,104,109,108,111,110,107,112,8,15,0,0,7,18,0,0,0,0,14,12
53,50,44,51,46,54,0,0,47,48,49,43,56,0,0,64,66,0,63,55,61,0,58,60,3,144,0,0,139,4,143,140,0,0,1,0,95,101,99,92,96,97,91,0,0,94,98,100,126,0,0,115,125,117,119,0,122,120,124,0,68,0,67,0,76,75,77,0,78,74,72,69,12,18,10,7,0,11,0,13,8,14,16,9,103,112,111,0,108,109,114,105,113,104,106,110,21,25,30,29,27,23,20,19,28,24,26,22,136,134,138,135,0,131,130,0,0,128,129,133,34,33,0,0,41,32,37,36,39,0,0,40,80,0,89,0,79,90,81,82,88,85,86,84
113,110,104,0,0,114,105,112,107,0,109,103,116,122,0,124,0,119,123,0,121,125,118,120,63,0,57,0,0,0,59,56,65,0,0,58,11,17,15,8,12,13,0,0,18,0,14,16,42,37,34,0,41,33,35,39,0,36,40,32,128,131,127,130,136,135,0,133,138,134,132,0,72,78,0,0,0,71,77,0,68,74,76,69,19,0,27,23,24,25,30,21,29,0,22,0,0,85,90,89,87,83,80,79,88,84,86,82,52,0,0,51,43,47,46,53,48,44,45,49,94,0,0,102,0,92,97,0,99,98,95,100,0,3,5,143,139,6,141,142,0,1,2,144
0,86,80,87,82,0,81,88,83,84,85,0,0,98,93,100,102,95,99,0,97,101,94,96,39,36,33,38,31,40,0,32,0,42,37,34,131,137,135,128,132,133,0,129,138,130,134,136,18,0,10,7,17,9,0,0,0,12,16,8,104,0,103,106,112,111,0,0,114,0,108,105,48,54,46,43,51,0,53,49,44,0,52,45,0,4,3,143,144,0,6,0,0,0,142,2,0,61,66,65,63,59,56,55,64,60,62,58,0,26,30,27,19,23,22,29,24,20,21,25,70,69,67,78,0,68,73,72,75,0,71,76,116,123,0,119,0,126,117,0,0,121,122,0
77,0,68,75,0,78,69,0,0,72,73,67,0,0,81,88,0,0,87,79,85,89,0,84,0,24,21,0,0,0,23,20,29,30,25,0,119,125,123,116,120,121,115,117,126,118,122,124,6,1,142,139,5,141,143,3,0,0,4,140,92,95,91,94,0,0,101,0,102,98,0,93,36,42,34,31,39,35,0,37,32,38,40,33,127,0,135,131,132,133,138,129,137,128,130,134,45,49,0,53,51,47,0,43,52,48,50,46,0,14,0,15,7,11,10,17,12,8,0,13,58,57,55,66,65,56,61,60,0,62,0,64,0,111,0,0,0,114,105,106,112,109,110,108
0,14,8,0,10,0,9,16,0,12,13,7,20,26,0,28,30,23,27,19,25,29,22,24,111,108,0,110,103,0,107,104,113,114,109,106,59,65,63,56,60,0,55,57,66,0,0,64,90,85,0,79,89,0,83,87,86,84,88,80,32,35,31,34,40,39,0,37,42,38,36,33,120,0,118,0,123,119,0,121,116,122,124,117,67,0,75,71,72,73,78,0,0,68,70,74,129,133,0,137,135,131,128,127,136,132,134,130,100,98,102,99,0,95,0,0,0,0,93,97,142,141,139,6,5,140,1,144,3,0,143,0,0,51,53,47,43,54,45,46,52,49,50,48
0,26,0,27,22,30,21,0,23,24,25,19,32,38,0,0,42,0,39,31,37,41,0,36,123,120,117,122,115,124,119,116,125,126,0,118,71,0,0,0,72,73,67,0,0,0,74,76,102,97,0,0,101,93,95,99,98,96,0,92,44,47,0,46,52,51,53,0,54,50,48,45,132,138,130,127,0,131,0,133,0,134,136,129,79,88,87,83,84,85,90,81,89,80,82,86,141,1,6,0,3,143,0,139,4,144,2,142,112,0,114,111,103,107,106,113,108,104,105,109,0,9,7,18,17,0,13,12,15,14,11,16,0,0,65,59,0,66,57,0,64,61,62,0
65,62,56,63,58,66,57,64,59,0,61,0,68,74,69,76,0,71,0,0,73,77,70,72,15,12,9,0,7,16,11,0,0,0,0,10,0,0,111,104,0,0,103,0,114,106,0,112,138,133,0,0,137,0,0,135,134,132,0,0,80,83,0,0,88,87,89,85,90,86,84,81,24,30,22,19,27,23,29,25,20,0,28,21,115,0,123,119,120,0,126,117,125,116,0,122,33,0,42,41,39,35,32,31,40,36,38,34,4,2,0,3,139,143,0,5,144,140,141,1,0,45,43,0,53,0,0,48,51,50,0,52,92,99,101,95,91,102,0,94,100,97,98,0
0,134,128,135,0,138,129,0,131,132,0,127,140,2,141,0,0,0,0,139,1,5,142,144,0,84,0,0,0,88,0,0,89,90,85,82,35,0,39,0,0,37,31,33,42,34,38,40,66,0,58,55,65,57,59,63,62,0,64,0,8,11,7,10,16,15,17,13,18,14,12,9,0,102,94,0,99,95,101,97,0,98,0,0,43,52,51,0,48,49,54,45,53,44,46,50,105,0,114,113,0,107,104,103,112,0,110,106,76,0,78,0,67,71,70,77,72,0,69,73,118,0,115,126,125,116,121,120,123,122,119,124,20,27,29,23,19,30,21,22,28,25,26,0
41,38,32,39,34,42,33,40,35,36,37,31,0,50,0,52,0,47,51,43,0,53,46,48,0,132,129,134,127,136,0,128,0,0,133,130,83,0,0,0,0,85,79,81,90,0,86,88,114,109,0,103,113,105,107,0,110,108,112,0,0,59,0,58,64,0,65,0,66,62,60,57,144,6,0,0,3,143,5,1,140,2,4,141,0,100,99,95,96,97,102,93,101,92,94,0,9,0,18,17,15,11,0,7,0,12,14,10,124,122,0,123,115,119,118,125,0,116,117,121,22,21,19,30,29,20,25,24,27,26,23,28,68,0,77,0,0,78,69,0,76,73,74,0
0,0,140,0,0,6,0,4,143,144,1,139,8,14,0,0,18,0,15,0,13,17,10,12,99,96,0,98,91,100,95,92,0,102,97,94,47,53,0,44,48,49,43,45,54,0,50,52,0,73,70,0,77,0,71,75,74,72,76,0,20,23,19,22,0,27,29,25,30,26,24,21,0,114,106,0,111,107,113,109,104,110,112,105,0,64,63,59,60,61,66,57,0,56,58,62,0,121,126,0,123,119,116,115,124,120,122,0,88,86,90,87,79,0,82,89,84,80,81,85,0,129,127,138,137,128,133,132,135,134,131,136,32,39,41,35,31,0,0,0,40,37,38,36
101,98,92,0,0,102,93,100,95,96,97,91,104,110,105,112,114,107,111,103,109,113,106,0,51,48,45,50,0,52,0,44,53,54,49,46,143,5,3,140,144,1,139,0,6,142,2,4,30,25,22,19,29,21,23,0,26,0,0,20,0,0,0,118,124,123,0,0,126,0,120,117,60,66,58,55,63,59,65,0,56,62,64,0,7,16,15,0,12,0,18,9,0,8,0,14,0,73,78,77,75,71,68,67,76,0,74,0,40,38,42,39,31,0,34,41,36,32,33,37,82,81,79,90,89,80,85,0,87,86,83,88,0,135,137,131,127,138,129,0,0,133,0,0
0,0,54,61,56,64,55,62,57,58,59,53,0,0,67,74,0,69,73,65,71,75,0,70,13,10,7,0,5,14,0,6,15,0,11,0,105,111,0,102,0,107,101,0,0,104,108,0,136,131,128,125,0,127,0,133,132,130,0,126,78,81,77,80,86,85,0,83,0,84,82,0,22,28,0,0,0,21,27,0,18,24,26,19,113,122,121,117,0,119,124,115,123,0,116,120,0,35,40,39,0,33,30,29,38,34,0,32,2,144,0,1,0,141,140,3,142,138,0,0,0,0,41,52,51,42,47,46,49,48,45,50,90,97,99,0,89,0,0,92,98,0,96,94
39,36,30,37,32,40,0,38,33,34,35,0,0,48,43,50,52,45,49,41,47,51,44,46,133,130,0,132,0,134,129,126,135,0,131,128,81,87,0,78,82,83,77,0,0,80,84,86,112,107,104,101,111,103,105,109,0,106,0,102,54,57,53,56,62,61,63,0,64,60,0,55,142,0,140,0,1,0,3,143,138,144,0,139,0,98,97,0,94,95,100,91,99,90,92,96,7,11,16,0,0,0,6,0,0,10,12,8,122,120,124,0,113,117,116,0,0,114,115,119,20,0,17,28,0,0,23,22,25,24,21,26,66,73,75,69,0,76,67,0,74,71,0,70
123,120,114,0,116,0,0,122,117,0,0,0,126,0,127,0,136,129,133,0,131,135,128,0,73,70,0,72,65,74,0,66,0,76,71,0,21,0,0,18,0,23,17,19,28,20,24,0,52,47,44,41,51,43,45,49,48,46,50,42,0,141,137,0,2,1,3,143,4,144,142,0,82,88,0,77,0,81,87,83,78,84,86,79,29,0,37,33,34,35,0,31,0,30,32,36,91,0,100,99,0,93,90,89,0,94,96,92,62,60,0,61,53,57,56,63,58,0,0,59,104,0,101,0,111,0,0,106,109,0,105,110,6,13,0,9,5,16,0,8,14,11,12,10
27,24,18,25,20,0,19,26,21,22,23,17,0,0,0,38,40,33,37,29,35,0,32,34,121,118,115,120,113,122,117,0,123,0,119,116,69,75,73,66,70,71,65,67,76,68,72,74,100,95,92,0,99,91,0,97,96,94,98,0,42,45,41,0,50,0,0,47,52,0,46,43,130,136,128,125,0,129,135,131,0,132,134,127,0,86,85,0,82,0,88,79,87,0,80,0,139,143,0,3,1,141,0,137,0,142,144,140,110,108,112,0,101,105,104,0,0,0,103,107,0,7,5,16,15,0,0,10,13,12,9,14,54,61,63,0,53,64,55,56,62,59,60,58
15,12,6,13,0,16,7,0,9,10,11,5,18,24,19,0,0,21,25,17,23,27,0,0,109,106,0,108,101,110,0,0,111,112,107,104,57,63,0,54,0,0,53,55,64,56,0,62,88,0,0,0,87,79,81,0,0,82,86,78,30,33,29,32,38,37,39,0,0,36,34,31,118,0,116,0,121,117,123,119,114,120,0,0,65,74,73,69,0,71,76,67,0,0,68,72,0,131,136,0,133,129,126,125,134,130,132,128,98,96,0,97,89,93,92,99,94,90,91,95,140,139,0,0,3,138,143,142,1,144,141,2,42,49,51,45,41,52,0,0,50,47,48,46
111,108,102,109,104,112,103,110,0,106,0,101,114,0,115,122,124,117,121,113,0,123,116,118,0,58,0,60,0,62,57,54,0,64,0,56,9,0,13,0,10,11,5,7,16,0,0,14,40,0,0,29,39,0,33,37,36,0,0,30,126,129,125,128,134,133,135,131,136,132,130,0,70,76,0,65,0,69,75,71,0,0,0,67,17,26,0,0,0,23,28,19,27,18,20,0,79,83,88,87,85,81,78,77,86,0,84,0,50,0,52,49,41,0,44,51,0,0,43,47,92,91,0,100,0,90,0,0,97,96,93,98,138,1,3,0,137,0,0,0,0,143,144,142
3,144,0,1,140,0,0,2,141,142,143,137,0,12,0,0,16,9,0,5,11,0,0,10,0,0,0,96,89,0,93,90,0,100,95,0,45,51,0,42,0,0,41,43,52,44,48,50,76,0,68,65,0,0,69,73,72,70,74,66,18,21,17,20,26,25,0,23,28,24,22,19,106,112,104,101,109,105,111,107,102,108,110,103,53,62,61,57,58,59,64,0,63,54,56,0,115,119,124,123,121,117,114,113,122,118,120,116,0,84,88,85,77,0,0,87,82,78,79,0,0,127,0,136,135,126,131,130,0,132,129,134,30,0,39,33,29,0,31,32,38,0,0,0
87,0,78,85,80,88,0,86,81,82,0,77,90,0,91,0,100,93,97,89,0,0,0,94,37,0,0,36,0,38,33,0,39,40,0,32,0,135,133,126,130,0,125,127,136,0,132,134,16,0,8,0,15,7,9,0,0,10,0,6,0,105,101,104,0,109,111,0,0,108,106,103,46,52,44,41,0,45,0,47,42,0,50,43,137,2,1,141,0,0,4,139,3,138,140,144,0,0,64,63,61,0,54,53,62,58,60,0,26,24,28,25,17,0,20,27,22,18,19,23,68,67,65,76,75,66,71,70,73,0,69,74,114,121,123,117,113,124,115,0,122,119,120,118
75,72,66,73,68,76,67,74,69,70,71,65,78,0,79,86,0,0,85,0,83,0,80,82,25,22,19,0,17,26,21,18,27,28,23,20,0,0,121,114,118,119,0,115,124,116,0,122,4,143,140,137,3,139,141,1,144,142,2,138,90,93,0,92,98,97,99,95,100,96,0,0,34,40,32,29,37,33,39,0,30,0,38,31,125,134,0,129,0,131,136,127,135,126,128,132,0,47,0,51,49,0,42,0,50,0,48,0,14,12,16,13,5,9,8,0,0,6,0,11,56,0,53,64,63,0,59,0,61,60,57,62,102,109,0,0,101,112,103,104,0,107,108,106
99,96,90,0,92,0,91,98,93,94,0,89,0,108,0,110,112,0,0,101,107,111,0,106,49,46,43,0,41,50,45,42,0,0,0,0,141,3,0,138,0,143,0,0,4,0,144,0,0,23,20,17,0,0,21,25,0,0,26,18,114,117,113,116,122,121,123,119,124,120,118,0,0,0,0,53,0,57,63,0,54,60,62,55,5,14,13,9,10,11,0,0,15,6,8,0,67,0,0,75,0,0,0,65,0,70,72,0,0,36,0,0,29,33,32,39,34,30,31,35,80,79,77,88,87,78,0,82,85,0,81,86,126,133,135,129,125,136,127,128,0,131,132,130
51,48,42,49,0,0,43,50,45,0,47,41,54,60,55,62,64,0,0,53,0,63,0,58,0,142,0,144,137,0,0,138,3,4,143,0,93,99,97,90,94,0,0,0,100,92,96,0,124,119,116,113,0,115,117,0,120,118,122,0,66,69,0,68,74,73,75,71,76,72,0,67,10,16,0,5,13,9,15,11,6,12,0,7,101,110,109,105,106,107,112,103,111,102,0,108,0,23,28,27,25,0,18,0,26,22,24,20,134,132,136,133,0,129,128,0,0,0,127,131,32,31,29,40,39,30,35,34,0,36,0,38,78,85,87,81,77,88,79,80,0,0,84,0
135,0,126,133,0,136,127,134,0,130,131,0,0,144,0,0,4,141,0,0,143,0,140,0,0,0,79,84,77,86,0,78,87,0,0,0,33,39,37,30,34,35,29,31,0,0,36,0,0,59,56,0,63,55,57,0,60,58,62,54,6,9,5,8,14,0,15,11,16,12,10,7,94,100,92,89,0,0,99,0,90,96,98,91,0,50,49,45,46,47,52,0,0,0,44,48,103,0,112,111,109,105,0,101,110,106,108,104,74,72,0,73,65,69,68,75,70,66,67,71,0,115,113,124,123,114,119,118,0,120,117,122,0,0,0,21,17,28,0,0,26,23,24,22
109,106,100,107,102,110,101,108,103,104,105,99,112,0,113,120,122,115,119,111,117,121,114,0,59,0,0,58,51,60,0,0,61,62,57,54,7,13,0,4,8,0,3,5,14,6,10,12,38,33,30,27,37,29,31,0,34,32,36,28,124,127,123,126,0,131,133,129,134,0,128,0,68,74,66,63,71,0,73,69,64,0,72,65,15,24,23,19,20,21,26,0,25,16,18,22,77,81,86,85,83,79,76,0,84,80,82,78,48,46,50,47,39,43,42,49,44,0,0,45,90,0,87,98,97,0,93,0,0,0,91,96,136,143,0,139,0,2,137,138,144,141,0,140
0,0,16,23,18,0,17,24,19,20,0,0,28,0,29,0,38,31,35,27,33,37,30,32,0,116,113,118,111,0,115,112,121,0,117,114,67,73,71,64,68,69,63,65,74,0,70,72,98,93,0,0,97,89,91,95,0,92,96,0,0,43,39,42,48,47,49,45,50,46,44,41,0,134,126,123,131,127,133,129,124,130,0,125,0,84,83,79,0,81,86,77,85,76,78,0,137,141,2,0,143,139,136,135,144,140,142,138,108,106,110,107,99,0,102,109,104,100,0,105,0,5,3,14,13,4,9,8,0,10,7,0,52,59,0,55,51,62,0,0,60,57,58,56
0,0,76,83,0,0,0,0,79,0,81,75,88,94,89,0,98,91,0,87,93,0,90,92,0,32,29,34,27,36,31,28,37,38,33,30,127,133,131,124,0,0,123,125,0,126,130,0,14,0,0,3,13,5,7,11,10,8,0,4,100,0,99,102,108,107,109,105,0,106,104,101,44,0,42,39,47,43,0,45,40,46,48,0,0,144,143,139,140,141,2,137,0,0,138,142,53,0,62,0,59,55,0,51,60,56,58,54,0,0,26,23,0,19,18,25,20,16,17,0,0,65,63,74,73,64,69,68,71,70,67,72,112,119,121,115,111,122,113,0,120,0,118,116
0,142,136,143,138,2,137,144,139,140,0,135,4,10,5,0,0,7,0,3,9,13,6,8,95,0,89,94,87,96,91,0,97,0,93,90,43,49,47,40,44,0,39,41,50,0,46,48,74,69,66,0,73,65,0,71,70,68,72,64,16,19,15,18,24,23,25,0,26,0,0,17,104,110,102,0,0,0,109,105,0,106,108,101,0,60,59,55,56,57,62,53,61,52,0,58,113,0,122,121,119,115,112,111,120,0,118,114,84,82,86,83,0,0,78,85,0,0,77,0,126,0,123,134,133,124,129,0,131,0,127,132,28,35,0,31,27,0,29,0,0,33,34,32
61,58,52,59,0,62,0,60,55,56,57,51,64,70,65,72,0,67,71,63,69,73,66,68,11,0,5,10,3,12,0,4,13,14,9,6,103,109,0,100,104,0,99,0,110,102,106,108,134,129,126,123,0,125,127,131,130,0,132,0,76,79,75,78,84,83,0,81,0,82,80,0,20,26,18,15,23,19,25,21,16,22,24,0,111,120,119,0,116,0,122,113,121,112,114,0,29,33,0,37,35,0,28,27,36,32,34,30,144,0,2,143,135,139,138,1,140,0,137,141,42,41,0,50,49,40,45,44,47,46,43,0,88,0,0,91,87,98,89,0,96,93,94,92
0,118,112,119,114,122,113,120,0,116,0,111,0,130,125,132,134,127,131,123,0,133,126,128,71,68,65,70,63,72,67,64,73,74,69,0,19,25,23,16,20,0,15,17,0,0,22,0,50,45,42,0,49,41,43,47,46,0,48,40,0,0,135,138,144,143,1,141,0,142,140,137,80,86,78,75,0,79,85,81,0,0,84,77,27,0,0,31,32,33,38,29,0,28,30,34,89,93,98,97,95,91,88,87,96,92,0,90,60,58,0,59,0,55,0,61,56,52,53,57,102,0,99,110,109,0,105,0,107,106,103,108,4,0,13,7,3,14,5,0,12,9,10,8
37,34,28,35,0,38,29,0,31,32,0,27,40,46,0,48,50,43,47,0,45,0,42,44,131,128,125,130,123,132,127,0,133,134,129,126,79,85,0,76,80,0,75,0,86,78,82,84,110,105,102,99,109,101,103,107,106,104,108,100,52,55,51,0,60,59,61,57,62,0,56,53,140,2,138,135,143,139,1,141,136,142,144,137,87,96,95,0,92,93,98,0,97,0,90,94,0,0,14,13,0,0,0,3,12,0,10,6,120,0,122,119,0,115,114,121,116,112,113,0,18,17,0,26,25,0,21,20,23,22,19,24,64,71,73,67,63,74,65,66,72,69,70,68
13,10,0,0,6,14,5,12,7,8,9,3,16,0,0,24,26,0,23,15,21,0,0,20,0,104,0,106,0,0,0,100,109,110,105,102,55,61,59,52,56,57,51,0,0,54,58,0,86,81,78,75,85,77,79,0,82,80,0,76,28,31,27,30,36,35,37,33,38,34,32,29,116,122,0,0,119,115,121,117,112,118,120,113,63,72,71,67,68,69,74,65,73,64,66,70,125,129,134,0,131,127,124,0,132,128,0,126,96,0,98,95,87,91,90,0,92,88,0,93,138,137,135,2,0,136,141,140,0,142,0,144,40,47,49,43,39,50,41,42,48,0,46,44
49,46,0,47,0,50,41,48,43,44,45,39,52,58,53,0,62,0,59,51,57,61,54,56,0,140,137,142,135,144,139,0,0,2,141,0,91,97,0,88,92,93,87,89,98,0,94,96,122,117,114,111,121,0,115,119,118,116,120,112,0,0,63,66,72,71,73,69,74,70,68,65,8,14,6,3,11,0,13,9,0,0,12,5,0,0,107,103,104,105,0,101,109,100,102,106,17,21,26,25,23,19,16,0,24,20,22,18,132,130,134,0,123,127,126,133,128,124,0,129,30,29,0,38,37,0,33,32,35,34,31,36,76,83,85,79,75,86,77,78,84,81,0,80
0,130,124,0,0,134,0,132,127,0,0,0,136,142,137,144,2,0,0,135,141,1,138,140,0,80,77,82,75,84,79,0,85,0,81,78,0,37,0,28,32,0,27,29,38,30,34,0,62,57,54,51,61,53,55,59,0,0,60,52,4,7,3,6,12,11,13,9,0,10,8,5,0,98,90,87,0,91,97,93,88,94,96,89,0,48,47,43,44,45,50,41,0,40,42,46,101,105,0,109,107,0,100,99,108,104,106,102,72,0,74,71,63,67,0,73,68,64,65,69,114,0,0,122,121,112,0,116,119,118,115,120,16,0,25,0,15,26,17,18,24,21,22,0
73,0,64,71,66,74,65,72,67,68,69,63,76,82,77,84,86,79,83,0,81,0,78,0,23,20,17,22,0,24,19,16,25,26,21,18,0,121,119,112,116,117,111,113,0,114,118,120,2,141,138,135,1,137,139,143,142,140,144,0,0,91,87,0,96,95,0,93,98,94,92,89,32,38,30,27,0,31,37,33,0,34,36,0,123,132,0,127,128,129,134,125,0,124,126,0,41,0,50,49,47,43,40,39,48,0,46,42,12,10,14,0,0,7,6,13,8,4,0,0,0,53,51,62,0,52,57,56,59,58,55,60,100,107,109,103,99,0,101,102,108,105,106,104
97,94,88,95,90,98,0,96,91,0,0,87,100,0,101,108,110,0,107,99,105,109,102,0,47,44,41,46,39,48,43,40,0,0,45,42,139,1,0,136,0,141,135,137,0,138,142,144,26,21,18,0,25,17,19,23,0,20,0,16,112,115,111,114,120,119,0,117,122,118,116,113,56,62,54,51,59,55,61,57,52,58,60,53,3,12,11,7,8,9,0,5,13,4,6,10,65,69,0,73,0,67,0,0,72,68,70,66,0,34,38,35,27,31,30,37,32,28,29,33,78,77,0,86,85,76,81,0,83,82,79,0,124,131,133,0,0,0,125,126,132,0,130,0
106,103,97,104,99,107,98,0,100,101,102,96,0,0,110,117,119,112,116,108,114,118,111,113,56,53,50,55,48,0,52,49,58,59,54,0,4,10,8,1,0,0,144,2,0,3,0,9,0,30,0,24,34,0,28,32,31,0,33,0,121,124,0,123,0,0,130,0,0,127,125,122,65,71,63,60,68,64,70,66,61,67,69,62,12,21,20,16,17,18,23,14,22,13,0,19,74,78,83,82,80,76,0,72,81,0,79,0,45,43,47,44,0,40,0,46,41,0,38,0,87,86,84,95,94,85,0,89,92,0,0,93,133,140,0,0,132,143,134,135,141,138,139,0
94,0,85,92,0,95,86,93,88,89,90,84,0,103,98,0,0,100,104,96,102,106,0,101,44,41,38,43,36,45,0,37,46,0,0,39,136,142,140,133,137,138,132,0,143,0,139,141,23,18,15,12,22,14,0,20,0,17,21,13,109,112,0,111,0,116,118,0,119,115,0,110,53,0,51,0,56,0,0,0,49,0,57,0,144,9,0,4,0,6,0,2,10,0,3,0,0,66,0,70,68,64,61,60,0,65,67,63,0,31,0,0,0,0,27,0,29,25,26,30,75,74,72,83,82,73,78,77,80,79,76,0,121,128,130,124,120,131,122,123,0,126,127,125
82,79,73,80,75,0,74,81,0,77,78,0,0,91,0,93,95,0,92,84,90,94,0,89,32,0,26,0,24,33,28,25,34,35,0,27,124,130,128,121,125,126,0,122,131,123,127,129,11,6,0,144,10,2,0,0,0,0,9,1,97,100,96,99,105,104,106,102,0,103,101,98,41,47,39,36,44,40,0,0,0,43,0,38,132,141,0,136,137,138,0,134,0,133,0,139,50,54,0,58,56,52,49,48,57,53,0,51,21,19,23,20,0,16,15,0,17,0,14,0,63,62,60,71,0,61,66,65,0,67,0,69,109,116,118,0,108,119,110,0,0,114,0,113
70,67,61,68,0,71,62,69,64,65,66,60,73,79,74,81,83,0,80,72,0,82,75,77,20,0,14,19,12,21,16,13,22,0,18,15,0,118,116,0,113,114,108,110,119,111,115,0,0,0,135,0,0,134,0,140,0,137,141,133,85,88,0,87,93,92,94,90,95,0,89,86,29,0,27,24,32,28,34,0,25,31,33,26,120,0,128,124,0,126,131,0,130,121,123,127,38,42,47,0,44,0,37,0,45,41,0,39,9,0,11,8,144,0,3,10,5,1,0,6,51,50,0,59,58,0,0,53,0,55,52,0,0,104,106,100,96,0,98,99,105,102,103,101
58,0,0,56,0,59,0,57,52,53,54,48,0,67,62,69,71,0,0,60,66,70,63,65,0,5,0,7,144,0,4,1,10,11,6,3,100,106,104,97,0,102,0,98,107,99,103,105,0,126,123,120,0,122,124,128,127,0,129,121,73,76,0,0,0,80,82,78,83,79,0,74,17,23,0,12,20,16,22,18,13,19,21,0,108,0,116,112,113,114,119,110,118,109,111,115,26,30,0,34,0,0,25,24,33,29,31,27,141,0,0,140,0,136,0,142,137,133,134,138,39,38,36,0,46,37,42,41,44,43,40,45,85,92,94,88,84,95,0,0,0,90,91,89
46,0,37,44,39,0,38,45,0,41,0,36,49,0,0,57,59,0,0,0,0,58,51,0,140,137,0,139,132,0,136,133,142,143,138,135,88,94,0,0,0,90,84,86,95,0,91,93,119,0,111,0,0,110,0,116,115,113,117,109,61,64,60,63,69,0,70,66,71,67,0,62,5,11,3,0,0,4,10,0,1,7,0,2,96,105,0,100,0,102,107,98,106,0,99,103,14,18,23,22,0,16,0,12,21,17,0,15,0,0,131,128,0,124,123,130,125,121,122,126,27,26,24,35,34,25,30,29,0,0,28,0,73,80,0,76,72,83,74,75,81,78,79,77
34,31,25,0,27,35,0,33,28,0,0,24,37,0,38,45,47,40,44,36,42,46,39,0,128,125,122,127,120,129,124,0,130,131,126,123,76,82,80,73,77,78,0,74,0,75,79,81,107,102,99,0,106,98,100,104,0,101,105,97,49,52,48,51,0,56,58,54,0,55,53,50,0,143,135,0,140,136,142,138,133,0,141,0,84,93,0,88,89,90,95,0,94,85,87,91,2,0,0,10,8,4,0,144,0,5,7,3,117,115,119,0,108,112,0,118,113,109,110,114,0,14,0,23,22,13,18,17,0,0,16,21,0,0,70,64,60,0,62,63,69,66,67,0
22,19,13,20,15,23,14,21,16,17,0,12,0,31,26,33,35,28,32,24,30,0,27,29,116,0,110,115,108,0,112,109,118,119,114,0,64,70,68,61,65,66,60,0,71,63,0,69,95,90,87,84,94,86,88,92,0,89,93,85,37,40,36,39,45,44,46,42,47,43,41,38,125,131,123,120,128,0,0,126,121,0,129,0,72,81,80,76,77,78,83,74,82,73,75,0,0,138,0,0,140,136,0,132,141,137,139,0,105,103,107,104,0,100,0,106,101,97,98,102,3,2,144,0,10,1,6,5,8,7,4,0,49,56,58,52,48,0,0,51,57,0,55,0
10,0,0,0,3,11,0,9,4,0,6,144,13,0,14,0,0,16,20,12,0,0,0,17,104,101,0,0,96,0,100,97,106,107,102,99,52,58,56,49,53,54,48,50,59,0,55,0,0,78,75,72,0,74,0,80,79,77,81,73,25,28,0,27,33,32,34,30,35,31,29,0,0,0,111,108,116,112,0,114,109,115,0,110,60,0,68,64,65,66,0,62,70,0,0,67,122,0,0,130,128,124,0,120,129,125,0,123,0,91,0,92,84,88,87,94,89,85,0,90,135,134,132,0,0,133,138,137,140,139,136,141,37,44,46,40,36,47,38,39,45,42,43,41
142,139,133,140,0,143,0,141,136,0,0,132,1,0,2,0,0,4,8,144,6,10,0,5,92,89,86,91,84,93,0,85,94,0,90,0,40,46,44,37,41,0,36,38,47,0,0,45,71,66,63,60,0,62,64,68,67,65,69,0,0,16,12,15,21,20,0,18,23,19,0,14,101,107,99,96,104,0,106,102,97,103,0,98,0,57,56,52,0,54,59,50,58,49,51,55,110,114,119,0,116,112,109,0,117,113,115,111,81,79,83,80,72,0,75,82,77,73,74,0,123,0,120,131,130,121,126,125,128,127,0,0,25,32,34,28,24,0,26,27,33,30,31,29
130,0,0,128,123,131,0,129,124,125,126,120,133,139,134,141,143,0,140,0,138,142,0,137,80,0,74,79,72,81,0,73,82,83,78,75,28,34,32,25,29,0,24,26,0,27,31,33,0,54,0,48,58,50,52,56,0,53,57,49,1,0,144,0,9,0,10,6,11,7,5,2,0,95,87,0,92,88,0,90,85,91,93,86,36,0,44,40,41,42,47,38,46,37,39,0,98,102,0,106,0,0,97,0,105,101,103,99,69,67,71,68,0,64,63,70,65,0,62,0,111,110,108,119,118,109,114,113,116,115,112,117,13,20,22,16,12,23,14,15,21,18,19,17
118,115,109,0,111,119,0,0,112,113,0,108,121,127,122,129,131,0,0,120,126,0,0,0,0,65,62,67,60,0,64,61,70,71,66,0,16,22,20,13,17,18,12,0,0,15,19,21,0,42,39,0,46,38,40,44,43,41,45,37,0,136,132,135,0,140,142,138,143,139,0,134,77,83,75,0,80,76,82,78,73,79,81,0,0,33,32,28,29,30,35,0,0,25,0,31,86,90,0,0,92,88,0,84,93,89,91,87,57,55,0,0,0,52,0,58,53,49,50,54,99,98,0,107,106,97,102,101,104,103,100,0,0,0,10,4,144,11,2,3,9,6,7,5
36,0,27,34,29,37,28,35,30,31,32,26,39,45,40,47,49,42,46,38,44,48,41,43,130,127,124,0,122,0,126,123,132,0,128,125,78,84,82,75,79,80,74,76,85,77,81,83,109,104,101,98,108,100,102,106,105,0,107,0,0,54,50,53,59,58,60,56,61,57,55,0,139,1,137,134,142,138,144,140,0,141,143,136,86,95,94,90,91,92,97,0,0,0,0,0,0,8,13,12,10,0,3,0,0,0,9,5,119,117,121,118,110,114,113,120,0,0,112,0,0,16,14,25,24,15,20,0,22,21,18,23,63,0,0,66,62,73,0,65,0,68,69,67
132,0,123,130,125,133,124,131,126,127,128,122,135,141,0,0,1,138,142,134,140,0,137,139,82,79,0,81,0,0,78,75,84,85,0,0,30,36,34,27,31,32,0,28,37,0,33,0,61,56,0,50,60,0,54,58,0,0,59,51,3,0,2,0,11,0,0,0,0,0,0,4,91,97,89,86,94,90,96,92,87,93,95,88,38,47,46,0,43,44,49,40,48,39,41,45,100,104,109,108,106,102,99,98,107,103,0,0,71,69,73,70,62,66,65,0,67,0,64,68,113,112,0,121,120,0,116,115,0,117,0,119,15,22,24,18,14,25,16,0,23,20,21,19
24,21,15,22,17,25,16,0,18,19,20,14,27,33,28,35,37,0,34,26,32,36,29,31,0,0,0,117,110,119,0,111,120,121,116,113,66,0,70,63,67,0,62,64,0,65,69,0,97,0,89,86,96,88,90,94,0,91,95,87,39,42,38,41,47,46,48,44,49,0,0,40,127,0,125,0,0,0,132,128,123,0,0,124,0,0,82,78,79,80,0,76,84,75,77,81,136,140,1,144,0,138,0,134,0,139,141,137,0,105,109,0,98,102,101,108,103,99,100,0,5,4,2,0,12,3,8,7,10,0,6,11,51,58,60,0,0,61,52,53,59,56,57,0
144,141,135,142,137,1,0,143,138,139,140,134,3,0,4,11,13,6,10,0,8,12,5,0,94,0,88,93,0,95,90,87,0,97,92,89,42,48,0,39,0,0,38,40,49,41,45,47,73,68,65,62,0,0,66,70,69,67,0,0,0,18,0,0,0,0,24,20,25,0,19,16,0,109,101,0,106,102,108,0,99,105,107,100,50,0,0,54,0,0,61,52,60,51,53,57,0,116,121,120,118,114,111,110,119,115,117,113,83,0,0,82,74,78,0,84,79,75,76,80,125,124,122,133,0,123,128,127,130,129,0,131,27,34,36,30,26,37,28,29,35,32,0,0
84,81,75,82,0,85,76,83,78,79,80,74,87,93,0,95,97,90,94,86,92,96,0,91,34,31,0,33,26,35,30,27,36,37,0,0,126,132,130,123,127,128,122,124,133,0,129,0,13,8,5,2,12,4,6,10,9,0,11,3,99,102,98,101,0,106,108,104,109,105,103,100,43,49,41,0,46,42,48,0,39,45,0,40,134,143,0,0,139,0,1,136,144,135,0,141,52,0,61,60,58,54,51,50,0,0,57,53,23,21,25,22,14,18,17,24,0,0,16,0,0,64,62,0,72,63,68,0,70,69,0,71,111,118,120,0,110,121,112,0,0,0,117,115
120,0,0,0,113,121,0,0,114,115,116,110,0,129,0,131,133,0,130,122,128,132,125,0,70,67,0,69,62,71,66,0,72,0,68,65,18,0,0,0,0,20,14,16,25,0,0,23,49,44,0,38,48,40,42,46,45,43,47,39,135,138,134,0,143,142,144,140,1,141,139,136,79,85,0,74,82,78,84,80,75,81,0,76,26,35,34,30,0,32,37,0,0,27,29,33,88,92,0,96,0,90,87,86,95,91,93,89,0,57,61,0,50,54,53,60,55,51,52,56,101,100,98,109,108,99,104,103,106,105,102,107,3,10,12,0,2,13,4,5,11,8,9,7
96,0,87,0,89,0,88,0,0,91,92,0,99,105,100,107,109,102,0,98,0,0,0,103,46,0,40,0,0,47,42,39,48,49,0,0,138,144,142,0,0,140,0,136,1,137,141,0,25,20,17,14,24,16,18,22,21,0,23,15,111,114,110,113,119,118,0,0,121,117,115,112,0,61,0,50,58,54,60,56,51,57,59,52,2,11,10,6,7,8,13,4,12,3,5,9,64,68,0,0,0,66,63,62,71,67,69,65,35,33,37,34,26,30,29,36,31,27,28,32,77,76,74,85,84,75,80,79,82,81,78,0,123,0,132,126,122,133,124,125,131,128,129,127
0,45,0,46,0,0,0,47,42,0,0,38,51,57,52,59,61,54,58,50,56,60,53,55,142,0,136,141,0,143,0,135,0,1,140,137,90,96,94,87,91,92,86,88,97,89,0,95,121,116,113,110,120,112,114,118,117,115,119,111,63,66,62,65,71,70,72,68,0,0,0,64,7,13,5,2,10,0,0,8,0,9,0,4,98,107,106,102,103,104,109,0,108,0,0,105,16,20,25,24,22,18,15,14,23,0,21,0,131,129,133,130,122,126,125,132,127,0,0,128,29,28,26,37,0,27,32,31,34,0,0,0,75,82,84,0,74,85,76,77,83,80,81,79
72,69,0,70,65,73,0,71,66,67,0,62,75,0,76,0,0,78,82,0,80,84,0,0,22,0,16,21,14,23,0,15,24,25,20,17,114,120,118,111,115,116,110,112,121,113,117,119,1,140,137,0,144,0,0,142,141,0,143,135,87,90,86,89,95,94,96,92,97,0,91,88,31,37,0,26,34,0,0,32,27,33,35,28,0,131,130,126,127,0,133,0,132,123,125,129,40,44,49,48,46,0,39,38,47,43,45,0,11,9,13,0,2,6,0,12,7,3,4,8,53,0,0,61,60,51,56,55,0,57,0,59,0,106,108,102,0,109,100,101,107,104,0,0
0,105,99,106,0,109,100,107,102,103,104,0,0,0,112,119,0,114,118,110,116,120,113,115,0,55,52,57,0,59,0,51,60,61,56,53,0,12,10,3,7,8,2,0,13,5,9,0,37,32,29,26,36,0,30,34,33,0,0,27,0,0,122,125,0,0,132,128,133,129,0,124,67,73,65,0,70,66,72,68,0,69,71,0,14,23,0,18,19,20,0,0,0,15,17,0,76,80,85,84,82,78,75,74,83,79,81,77,47,45,49,46,38,42,41,48,43,39,40,44,89,88,86,97,96,87,92,91,94,93,90,95,135,142,144,138,134,1,136,137,143,140,141,139
60,0,51,0,53,61,52,59,54,55,56,50,63,69,0,71,73,66,0,0,68,72,0,67,10,7,4,9,2,11,6,3,12,13,8,0,0,108,106,99,0,0,98,100,109,101,0,107,133,0,125,122,0,0,126,130,129,127,131,123,75,78,74,77,0,82,84,80,0,0,0,76,19,25,17,0,22,18,24,20,0,0,23,0,110,119,0,114,115,116,0,0,120,111,0,117,28,32,0,36,34,0,27,26,0,0,33,29,143,141,0,142,134,138,137,0,139,135,136,140,41,0,38,49,48,39,44,43,46,0,42,47,87,94,96,90,86,97,88,89,95,92,93,91
12,9,0,10,5,0,0,0,6,7,0,2,0,21,16,23,25,18,22,14,20,24,17,19,0,103,100,105,98,107,102,99,108,109,0,0,54,60,58,51,55,56,50,52,61,53,57,59,85,80,77,74,84,76,0,82,81,79,83,75,27,0,26,29,0,0,36,0,37,33,0,0,0,121,0,110,118,0,0,116,111,117,119,112,0,0,70,66,0,68,73,64,72,0,65,69,124,128,133,0,130,0,0,122,131,0,129,125,95,93,97,94,0,90,0,0,91,87,0,92,137,136,134,1,144,135,140,139,142,141,138,143,39,46,48,42,38,49,40,41,47,44,45,43
143,0,134,141,136,144,135,142,0,138,0,133,2,0,3,10,12,5,0,1,0,11,4,6,0,90,87,92,85,94,89,86,95,96,0,88,41,47,0,38,42,43,37,39,48,40,44,46,72,67,64,61,71,63,65,69,0,66,70,62,14,17,0,16,22,21,23,19,0,20,18,15,102,108,100,97,105,0,107,103,0,104,0,0,0,58,57,53,54,55,60,0,59,50,52,0,111,115,120,119,117,113,110,0,118,114,116,112,82,0,84,0,73,77,0,83,78,74,75,79,0,0,121,0,131,0,0,0,129,128,125,130,26,0,0,29,25,36,27,28,0,0,0,0
71,0,62,69,64,72,0,70,65,0,67,61,74,80,0,82,84,77,81,73,79,83,76,78,21,18,15,20,13,22,17,14,23,24,19,16,113,0,117,110,114,115,109,111,120,112,116,118,144,139,136,133,143,0,137,141,140,138,142,0,86,89,85,0,0,93,95,91,96,92,90,0,30,36,28,0,33,29,35,31,26,0,34,27,0,130,0,125,0,127,132,123,131,122,124,128,39,43,48,0,45,41,38,37,46,0,0,40,10,8,12,9,1,5,4,11,6,2,3,0,52,51,0,0,0,50,0,54,57,56,53,58,98,105,107,101,0,0,0,100,106,103,104,0
119,116,110,117,112,120,111,118,113,114,0,109,0,0,123,0,132,125,0,121,127,0,124,126,69,0,0,68,61,70,65,62,71,72,0,64,17,23,0,14,18,19,13,15,24,16,20,22,0,43,40,0,47,0,41,0,0,42,46,38,134,0,133,136,142,141,0,139,0,140,0,135,78,84,76,73,81,0,83,0,74,0,82,75,25,34,33,29,0,31,36,0,35,26,28,32,0,91,96,95,93,89,86,85,0,90,92,88,58,56,60,0,49,53,52,59,54,50,0,55,100,99,97,108,107,98,103,102,105,104,101,106,2,9,11,0,0,12,3,4,10,0,8,6
107,0,98,105,0,108,99,0,101,102,103,97,0,116,111,0,120,113,117,109,115,119,0,0,57,0,51,56,0,58,53,50,59,60,55,52,5,0,9,0,0,7,1,3,12,4,8,0,36,0,28,25,35,27,29,0,32,30,34,26,122,125,121,124,130,129,0,127,132,128,126,123,66,72,0,61,0,65,71,67,62,68,70,0,13,22,0,17,18,19,0,15,23,14,16,20,0,79,84,83,81,77,74,73,82,78,80,76,46,44,48,45,37,41,40,47,42,38,39,43,0,87,85,96,0,86,91,90,93,92,0,0,134,141,0,137,0,144,0,136,142,139,140,0
11,8,0,9,4,0,3,10,5,6,0,1,14,0,15,22,24,0,21,13,0,23,16,0,105,0,99,104,97,106,101,98,0,108,0,100,53,59,57,50,54,55,49,51,60,52,56,0,84,79,76,73,83,75,77,81,80,78,0,74,26,0,25,28,34,33,35,31,36,32,30,0,114,0,112,109,0,113,119,115,110,116,118,0,61,0,0,65,66,67,72,63,0,62,64,68,0,127,132,131,129,125,122,121,0,0,128,124,94,92,96,93,85,0,0,95,90,86,87,0,136,135,133,144,143,134,139,0,141,0,137,142,0,45,47,41,0,48,39,40,0,0,44,42
0,0,122,0,124,132,123,130,0,126,0,121,0,140,0,142,0,137,0,133,139,0,136,138,81,0,75,80,73,0,77,74,0,84,79,76,29,35,33,0,30,31,25,27,36,28,32,0,60,0,52,49,59,51,53,0,56,54,58,50,2,5,1,4,10,9,11,7,12,8,6,3,90,96,0,85,93,89,95,0,86,92,94,87,37,46,0,41,42,43,0,39,47,38,0,44,99,103,108,107,105,101,0,97,106,102,104,100,0,68,0,69,61,65,64,71,0,62,63,0,112,111,109,120,119,110,115,114,117,116,113,118,14,0,23,17,13,24,15,16,22,19,20,18
59,56,50,57,52,0,51,58,0,54,0,49,62,68,63,70,72,0,69,61,67,71,64,66,9,6,3,8,1,0,5,2,11,12,7,4,101,0,0,98,102,103,97,0,108,100,104,106,132,127,124,121,131,123,125,129,0,126,130,122,0,77,0,76,0,81,83,79,84,80,78,75,0,24,16,13,21,0,23,0,0,20,22,15,109,118,117,0,0,0,120,111,119,110,112,116,27,0,36,35,33,29,0,25,34,30,0,28,0,140,144,0,133,137,0,143,138,0,135,0,40,39,0,48,47,38,43,42,0,0,0,46,86,93,0,89,85,96,87,88,94,0,92,90
83,0,74,81,76,84,75,82,77,78,0,73,86,92,0,94,96,89,93,85,91,95,88,90,33,30,27,32,25,34,0,0,0,36,31,28,125,131,129,122,126,127,121,123,132,124,0,130,12,7,4,0,0,3,5,9,8,6,10,2,98,101,97,100,0,0,107,0,0,104,102,99,42,48,40,37,0,41,47,43,38,44,46,39,133,142,141,137,138,139,144,0,143,134,136,140,51,55,60,59,57,53,50,49,0,0,0,52,0,20,0,0,13,17,16,23,18,14,0,19,64,0,61,0,71,0,67,66,69,68,65,70,110,117,119,113,0,0,111,112,0,115,116,114
23,0,14,0,0,24,15,0,17,18,0,13,26,32,27,0,36,29,33,25,0,35,28,30,117,114,111,116,109,118,113,110,119,0,115,112,65,71,69,0,66,67,61,0,72,0,68,70,96,91,88,85,95,87,89,93,92,90,94,86,0,41,37,40,46,45,47,0,48,44,42,0,126,132,0,121,129,125,131,127,122,0,130,123,0,82,0,77,0,79,84,0,83,74,0,80,135,139,0,0,141,0,134,133,142,138,140,136,106,0,0,105,97,101,100,107,102,98,99,103,4,0,1,12,11,0,7,6,9,8,5,10,50,57,59,0,0,60,51,52,58,55,56,0
95,92,86,0,88,96,0,94,89,90,91,85,0,104,0,0,0,101,0,97,103,107,0,102,45,42,39,44,37,46,41,38,47,48,0,40,0,0,141,0,138,139,133,0,144,136,140,142,0,19,16,13,23,15,0,21,20,18,22,14,110,113,109,112,118,117,0,115,120,116,114,111,54,60,52,0,57,53,59,0,50,56,0,0,1,10,9,5,6,7,12,3,11,2,0,8,63,67,72,0,0,65,62,61,70,66,68,64,34,0,36,33,25,29,28,35,30,26,27,31,76,75,73,84,83,74,79,78,81,80,77,82,122,129,131,0,121,132,123,124,130,0,128,0
35,32,0,33,28,0,27,34,0,30,0,0,38,44,39,46,48,41,45,37,43,47,40,42,129,0,123,128,121,130,125,122,131,0,127,124,0,0,81,74,78,79,0,75,84,76,80,82,0,103,100,97,107,99,0,105,104,102,106,0,50,53,49,52,58,57,59,55,60,56,54,51,0,144,136,133,141,137,143,0,134,140,142,135,0,94,0,89,90,0,96,87,0,0,0,92,3,0,12,11,9,5,2,1,10,6,8,4,118,116,120,117,0,0,112,119,114,110,111,115,16,15,13,24,23,0,19,18,21,20,17,0,62,69,71,65,61,72,63,64,0,67,68,66
0,44,38,45,40,48,39,46,41,42,43,37,50,56,51,58,60,53,57,49,55,59,52,54,141,138,135,140,133,142,137,134,143,144,139,136,89,0,93,86,90,91,0,87,96,0,92,0,120,115,0,109,0,0,113,117,116,114,118,110,62,0,61,0,70,69,71,67,72,0,0,63,0,12,4,1,9,5,11,0,0,8,10,3,97,0,105,101,102,103,108,99,107,98,0,0,0,19,0,23,21,17,14,13,0,18,20,16,130,128,132,0,121,125,124,131,126,122,123,127,0,27,25,0,35,26,31,30,33,32,29,34,0,81,0,0,73,84,75,76,82,79,80,0
0,0,24,0,26,34,25,32,27,28,29,23,36,42,0,0,46,39,0,0,41,45,0,0,127,124,121,126,119,128,123,120,129,130,125,122,75,81,79,72,76,77,71,73,82,74,78,80,0,101,0,95,0,97,99,103,102,100,104,96,48,0,47,50,56,55,57,53,58,54,52,0,136,142,134,131,139,0,141,137,132,138,140,133,83,92,0,87,0,89,0,85,93,84,86,90,1,5,10,9,7,3,144,143,8,4,6,2,116,114,118,115,0,111,110,117,112,0,0,0,14,13,0,0,0,0,17,16,19,18,15,0,60,67,69,63,59,70,0,62,68,65,0,64
129,126,120,127,122,0,121,128,123,124,125,0,132,138,133,140,142,135,0,131,0,141,0,136,0,76,73,78,0,80,75,72,0,82,77,0,27,0,31,24,28,29,23,25,34,0,30,0,58,53,50,47,0,49,51,55,54,52,0,0,144,3,143,2,8,7,0,5,10,6,4,1,88,0,86,0,91,87,93,89,0,90,0,85,35,44,43,39,40,41,46,0,0,36,38,42,97,0,106,105,103,99,96,95,104,0,102,98,0,66,70,67,59,63,62,0,64,0,61,65,110,109,107,0,0,108,113,112,0,114,0,116,12,19,21,15,0,22,13,0,20,17,18,16
45,42,36,43,38,46,0,44,0,40,41,35,48,0,49,56,0,51,55,0,53,57,50,0,139,136,133,138,131,140,135,0,141,142,137,134,0,0,91,0,88,89,83,85,94,86,90,92,0,0,110,107,117,109,0,115,114,112,116,108,60,63,0,62,68,67,69,0,70,66,0,61,4,0,2,143,0,3,9,5,144,6,0,1,0,104,103,0,100,101,106,0,0,96,98,102,13,17,22,21,0,15,12,11,20,16,0,14,128,0,130,0,0,123,122,129,124,120,121,125,0,0,0,34,33,0,0,28,31,30,27,32,0,79,81,75,71,0,73,74,80,77,78,76
93,90,84,91,0,94,85,92,87,88,89,83,96,0,0,104,106,0,103,95,101,105,98,100,0,40,0,42,35,44,39,36,45,46,41,0,135,141,139,132,136,0,131,133,0,0,0,140,22,17,14,11,21,13,0,19,18,16,20,12,108,111,107,110,116,115,117,113,0,114,112,109,0,58,50,47,55,51,57,53,48,54,56,49,143,8,7,0,4,5,10,1,9,144,2,6,61,65,70,69,67,63,60,59,0,0,0,62,32,0,34,0,23,27,26,33,28,24,25,29,0,73,71,0,81,72,77,76,0,0,75,80,120,0,0,123,119,130,121,0,128,125,126,124
9,6,0,7,2,10,0,0,3,4,5,143,12,18,13,0,0,15,0,0,17,21,14,0,103,100,0,102,95,0,99,0,105,106,101,98,0,0,55,48,52,53,47,49,58,50,54,56,82,77,74,71,81,73,75,79,78,76,80,72,24,27,23,26,0,0,33,29,34,0,28,25,112,118,110,107,115,111,0,0,108,0,116,109,59,0,67,63,64,0,70,0,69,60,62,66,121,125,0,129,127,123,120,0,0,0,126,122,92,90,94,0,83,0,86,93,0,0,0,89,134,133,131,142,141,132,137,0,139,138,135,140,36,43,45,39,35,46,37,38,44,41,42,40
21,18,12,19,0,0,0,20,15,0,0,11,24,0,25,32,34,27,31,23,29,33,26,0,0,112,0,114,107,116,111,0,0,118,113,110,0,0,0,0,64,65,0,61,70,0,66,68,94,89,86,83,0,85,87,91,90,88,92,84,36,0,35,0,44,43,45,41,46,42,0,37,0,0,122,119,127,123,129,125,120,126,128,0,71,80,79,75,76,77,82,73,81,72,74,78,133,137,142,0,0,135,132,131,0,136,138,134,0,102,106,0,0,0,98,0,100,96,97,0,2,1,143,10,9,144,5,4,0,6,0,8,48,55,57,51,0,58,49,50,0,53,54,52
81,78,0,0,74,82,73,80,0,0,77,71,84,90,85,0,94,0,91,83,89,93,86,88,31,0,25,0,23,0,0,24,33,0,29,0,0,129,127,120,124,125,119,121,0,122,126,128,10,0,2,143,9,1,3,7,6,0,8,0,0,99,95,98,0,103,105,101,106,102,100,97,40,46,38,35,43,39,45,41,36,42,44,0,131,140,139,0,136,137,142,133,141,132,134,138,49,53,58,0,55,51,48,47,0,0,54,50,0,18,22,19,11,15,14,21,16,12,13,17,62,61,59,70,69,60,0,64,67,0,63,0,0,115,117,111,107,118,109,110,116,113,114,112
57,54,48,55,50,58,49,56,51,52,0,47,0,66,61,68,70,63,67,59,65,69,0,64,7,4,1,6,0,8,3,144,9,10,5,0,0,105,103,96,100,101,95,97,106,0,102,104,130,125,122,0,129,0,123,127,126,124,0,120,0,0,71,0,0,79,81,77,82,78,0,73,16,0,14,11,19,15,21,0,12,18,20,0,107,0,0,111,112,113,118,109,117,108,110,0,25,29,34,33,31,27,24,23,32,28,30,26,140,0,142,139,131,135,134,141,136,132,133,0,38,0,35,46,45,36,41,40,43,0,39,44,84,0,93,0,83,0,85,86,92,89,90,88
69,66,60,0,0,70,61,0,63,64,65,59,72,78,73,80,82,75,79,0,77,81,74,0,19,0,13,18,11,20,0,12,21,22,17,14,111,117,115,108,112,0,107,0,118,110,114,116,142,137,0,131,141,133,135,139,138,136,140,132,84,87,0,86,92,0,93,89,0,0,88,85,28,34,26,23,31,27,33,29,0,30,0,25,0,0,0,123,124,125,130,121,129,120,122,0,37,41,46,0,0,39,36,35,44,40,42,38,8,0,10,7,143,3,0,0,4,144,1,5,50,0,0,58,57,48,0,52,0,54,0,56,96,0,105,99,95,106,97,0,104,101,102,100
0,102,96,103,98,106,97,104,99,100,101,95,108,114,109,116,118,111,115,107,113,117,110,112,55,52,0,54,47,56,51,48,57,58,53,50,0,0,0,144,4,0,143,1,10,0,0,8,34,29,26,23,33,25,0,31,30,28,32,24,120,123,119,122,128,127,129,125,130,126,124,0,64,70,62,59,67,0,69,0,60,66,68,61,11,20,19,15,16,0,22,13,21,12,14,0,73,77,82,0,0,75,72,71,0,76,78,0,0,42,46,43,35,39,38,45,40,36,37,41,86,0,83,94,93,84,89,88,91,90,87,92,132,0,0,0,0,142,0,0,140,137,138,0
117,114,108,115,110,118,0,0,111,0,113,107,0,126,0,128,130,123,127,119,0,129,122,124,67,64,0,66,59,68,0,60,69,0,0,62,15,0,19,12,0,17,0,13,0,0,18,0,46,41,38,35,45,37,39,43,0,40,44,36,0,135,131,134,0,139,141,137,142,138,136,133,76,82,0,71,79,0,81,77,72,78,80,73,23,32,31,0,28,29,34,25,33,24,0,30,85,89,94,93,91,0,84,83,92,88,90,86,56,54,0,55,47,51,0,0,52,48,49,53,98,97,95,106,105,0,101,100,103,102,99,104,144,7,9,3,143,10,1,2,0,5,6,4
141,0,132,139,134,142,133,140,135,136,137,131,0,6,1,8,10,3,0,143,0,9,2,4,0,88,85,90,83,92,0,84,0,0,0,86,39,45,43,36,40,41,35,37,46,38,42,44,70,65,0,59,69,61,63,0,66,0,68,0,12,15,11,14,20,19,21,17,0,18,16,13,100,106,98,0,0,0,105,0,96,0,104,97,47,56,55,51,52,53,58,49,0,48,50,54,109,113,118,0,115,111,108,0,116,112,114,110,80,78,82,79,0,75,74,0,76,72,73,77,122,121,0,130,0,120,125,124,127,126,123,128,0,31,33,0,0,34,25,0,32,29,30,28
100,97,91,98,93,0,92,99,94,95,96,90,103,109,104,0,113,106,110,102,108,112,105,107,50,47,0,49,42,51,0,43,52,53,0,45,142,4,2,139,143,144,138,0,5,141,1,3,29,0,21,18,28,0,22,26,0,23,0,19,115,118,114,0,123,122,124,120,0,0,119,116,0,65,57,0,62,58,0,0,55,0,63,56,6,15,14,10,11,12,17,8,16,7,0,13,68,72,77,76,74,70,67,0,0,71,73,69,0,37,0,38,30,34,33,40,35,0,32,36,81,80,78,0,88,79,84,0,86,0,82,0,0,134,136,130,126,137,128,129,135,0,0,0
88,0,79,86,81,89,0,0,82,83,84,78,91,97,92,99,101,94,98,90,96,100,0,95,38,35,32,37,30,39,34,31,40,0,36,33,130,136,134,0,0,132,126,128,137,129,133,135,17,12,9,6,16,8,0,14,0,11,15,7,103,106,0,0,111,110,112,108,113,109,107,104,0,0,45,42,50,46,52,48,0,0,51,44,138,0,0,142,0,0,5,140,0,0,141,1,56,60,65,0,0,58,55,0,63,59,61,57,27,25,29,26,18,22,21,0,23,0,20,0,69,68,66,77,0,0,72,0,0,73,70,0,0,122,0,118,114,125,116,117,123,120,0,119
76,73,0,74,69,77,68,75,70,71,72,66,79,85,80,87,89,82,86,0,84,88,81,0,26,23,20,25,18,27,22,19,28,0,0,21,118,0,122,0,119,0,114,116,125,117,121,123,5,144,141,138,0,140,142,2,1,143,0,139,91,94,0,93,0,98,100,0,101,97,0,92,35,41,33,30,0,34,40,36,31,0,39,32,126,135,134,130,0,132,0,128,136,0,0,133,44,0,53,52,0,0,43,42,0,0,0,45,15,0,17,14,6,10,9,16,0,7,0,12,57,56,54,0,64,55,60,59,62,0,0,63,103,110,112,106,0,113,104,105,111,0,109,107
64,0,55,62,57,65,56,63,58,0,60,54,67,73,0,75,77,70,74,0,72,0,69,71,14,11,8,13,6,15,10,7,0,17,12,9,106,112,110,0,0,0,102,104,0,0,0,111,137,132,129,126,136,128,130,0,133,0,0,127,79,0,78,81,87,86,88,84,0,85,83,0,23,0,21,18,26,22,28,24,19,25,0,20,0,123,122,118,119,120,125,116,0,0,117,121,32,36,41,40,0,34,31,30,39,35,37,0,3,1,5,0,0,0,141,4,143,139,0,144,0,44,0,53,52,43,0,47,50,49,46,0,0,98,100,94,90,0,0,0,99,0,97,95
52,49,0,0,0,0,44,51,46,47,48,42,55,0,0,63,65,0,62,54,60,64,57,59,2,143,140,0,138,3,0,139,4,5,144,0,0,100,98,91,95,96,0,0,101,93,97,99,125,120,117,0,124,116,118,122,121,119,123,115,0,70,66,69,75,74,0,72,77,0,71,0,11,17,9,6,14,10,16,12,7,13,15,8,0,111,110,0,107,108,113,104,0,103,0,109,20,24,29,28,26,22,0,18,27,23,25,21,135,133,137,134,126,0,129,136,131,127,128,0,33,32,30,41,0,31,36,35,38,37,0,0,79,86,88,0,0,0,80,81,87,84,85,83
40,37,31,38,0,41,32,39,34,35,36,30,43,49,44,51,53,46,50,42,48,52,0,47,0,131,128,133,126,135,0,127,136,137,132,129,82,88,86,79,0,84,78,0,89,81,85,0,113,108,105,102,0,0,0,110,109,107,111,0,55,58,54,57,63,62,64,60,0,61,59,56,0,5,141,138,2,142,0,144,139,1,0,140,90,0,98,0,95,96,0,92,100,91,93,97,8,12,17,16,14,10,0,6,15,11,13,0,123,0,125,122,0,118,117,124,119,115,116,120,21,0,18,29,0,0,24,23,0,25,22,27,67,74,76,70,0,77,0,69,75,0,73,71
0,25,19,0,21,29,20,27,22,23,24,18,31,37,32,0,41,34,38,30,0,40,33,35,122,0,116,121,114,123,118,115,124,125,120,0,0,0,0,0,71,72,66,68,77,69,0,75,101,96,93,90,100,0,0,0,97,95,99,91,0,0,42,0,51,0,52,48,53,49,47,44,131,0,129,126,134,0,136,0,127,133,135,128,78,87,86,82,83,84,0,80,88,0,0,85,140,0,5,4,2,142,139,138,3,143,1,141,111,109,113,110,102,106,105,112,107,103,104,108,9,8,6,17,0,7,12,11,14,0,10,15,55,62,64,58,54,65,56,57,63,60,61,59
16,0,7,14,9,17,8,0,10,0,0,6,19,25,20,0,29,22,26,0,24,28,21,23,110,107,104,109,102,111,106,0,112,0,108,0,58,64,0,55,59,60,54,56,65,57,61,63,0,84,81,78,88,80,82,86,85,83,87,79,31,0,30,33,39,38,40,36,41,0,35,32,119,0,117,114,122,118,124,120,115,121,123,116,66,75,74,70,71,0,77,68,0,0,0,73,128,0,137,0,134,130,127,0,0,131,133,129,0,97,101,0,90,94,93,100,0,0,92,96,0,140,138,5,4,139,144,143,2,0,142,3,43,50,52,46,42,53,44,0,51,48,49,47
4,1,139,2,141,5,140,3,0,143,144,138,7,0,8,15,17,10,14,0,12,16,9,11,98,95,92,97,90,99,94,91,100,101,96,93,46,52,50,43,47,0,42,44,0,45,49,0,77,72,0,66,0,0,70,74,73,71,75,67,19,0,18,0,27,26,28,24,29,0,23,20,107,113,105,102,110,106,112,108,0,0,111,104,0,63,0,0,0,0,65,56,64,55,0,61,0,120,125,0,0,118,115,114,123,119,121,0,0,0,0,0,0,82,81,88,0,0,80,84,129,128,126,137,136,0,132,131,134,133,130,135,0,38,40,34,30,41,32,33,39,36,0,35
136,133,127,0,129,0,128,0,130,0,132,126,0,1,140,3,5,142,2,138,144,4,0,143,86,83,80,0,78,87,0,79,88,89,84,81,0,40,38,31,35,36,30,0,41,33,37,39,0,0,57,54,64,56,0,62,61,0,63,55,7,10,6,0,15,14,16,0,17,0,11,8,95,101,93,90,0,94,100,96,0,97,99,92,42,51,0,46,0,48,0,44,52,43,45,0,104,108,113,112,110,0,103,0,111,107,109,0,0,73,77,0,66,70,69,76,71,67,68,0,117,0,0,125,0,0,120,0,0,121,118,0,0,0,0,22,18,29,20,21,27,24,25,23
124,0,0,0,117,125,116,123,118,119,120,114,0,0,128,135,137,0,0,126,132,136,129,131,74,0,68,73,66,75,70,67,0,77,72,69,22,28,0,0,0,24,0,20,29,21,25,27,53,48,45,42,0,44,46,50,49,47,51,43,139,142,0,141,3,2,4,144,5,0,143,0,83,89,81,0,0,82,0,84,79,85,87,80,30,0,38,34,35,36,0,32,40,31,33,37,92,96,101,100,98,0,91,0,99,0,97,93,63,0,65,62,54,58,57,64,59,55,0,60,105,104,0,0,0,103,108,107,0,109,0,0,7,14,16,0,6,17,8,9,15,0,13,11
0,109,0,110,105,113,0,0,106,107,0,102,115,121,116,123,125,118,122,114,120,124,117,119,62,59,0,61,0,63,58,0,64,65,0,57,0,16,14,7,11,12,6,8,17,9,13,15,41,36,33,30,40,32,34,38,0,35,39,31,127,130,0,129,135,134,136,0,137,133,131,128,0,0,69,66,74,70,76,72,67,73,0,68,18,0,26,22,23,24,29,0,28,19,21,25,80,84,89,0,86,0,79,78,87,83,0,81,51,49,53,50,42,46,45,52,47,43,44,48,93,92,90,101,100,0,96,0,98,97,94,0,139,2,0,142,138,0,140,141,3,144,0,143
91,88,0,89,84,92,83,0,85,0,87,81,94,0,95,102,104,97,0,93,0,0,0,0,0,38,35,40,33,42,0,34,43,44,39,0,133,139,137,0,134,135,0,0,0,132,136,138,0,15,12,0,19,0,13,17,0,0,18,10,0,109,105,108,114,113,115,111,116,0,110,0,50,56,48,45,53,49,55,51,46,52,54,0,0,0,5,1,2,0,8,143,7,142,144,4,59,63,68,67,65,61,0,57,66,0,64,0,30,28,32,29,21,25,24,31,26,22,23,27,72,71,69,80,79,70,75,0,77,0,73,78,0,125,127,121,0,128,0,120,126,123,124,122
79,76,70,0,72,0,71,0,73,74,75,69,0,88,83,0,92,85,0,81,0,91,84,86,0,26,0,28,21,30,25,0,0,32,27,24,121,127,125,118,122,0,117,0,128,120,124,126,8,3,144,141,0,143,1,5,0,2,6,142,94,97,93,0,102,101,103,99,104,100,98,95,38,44,36,33,41,37,0,39,34,40,42,35,129,138,137,133,134,0,0,131,139,0,132,136,47,51,56,55,0,49,46,45,0,50,52,48,18,16,0,17,9,13,12,19,14,10,11,15,60,59,57,68,0,58,0,62,65,64,61,66,0,0,115,0,105,0,107,108,114,0,0,110
67,64,58,65,60,0,0,0,61,0,63,57,70,76,71,78,0,73,77,69,75,79,72,74,17,0,11,16,9,18,0,0,19,20,15,12,109,0,113,106,110,0,0,107,116,108,112,114,140,135,132,129,139,131,0,137,136,0,138,0,82,0,81,0,90,89,91,87,92,0,86,0,0,0,24,21,29,25,31,27,0,28,30,23,117,126,0,121,122,123,128,119,0,118,120,0,35,39,44,43,41,37,0,33,42,38,0,0,6,4,8,5,141,1,144,0,2,142,143,0,0,47,45,56,0,46,51,50,53,52,49,54,0,101,103,97,93,0,0,96,102,99,0,98
103,100,94,0,96,104,95,102,0,98,99,0,0,0,0,0,116,0,0,105,111,0,108,110,53,50,0,52,45,54,49,46,55,56,0,48,1,7,5,142,2,3,141,143,8,144,4,6,0,27,24,0,31,23,25,29,0,26,30,22,118,121,117,120,126,0,127,123,128,0,122,119,0,68,60,57,65,61,67,0,58,0,66,59,9,0,17,13,14,15,0,11,0,10,12,16,71,75,0,79,77,73,70,69,0,0,76,0,42,40,44,41,33,37,0,43,38,34,35,39,84,83,81,92,0,82,87,0,89,88,0,90,130,137,139,0,129,0,131,132,138,135,136,0
31,28,22,0,24,32,23,30,25,26,0,21,34,40,35,42,44,37,41,33,39,0,0,38,125,122,119,124,117,126,121,118,127,128,123,120,73,79,77,70,74,0,69,71,0,72,0,78,104,0,96,93,103,95,97,0,100,98,102,0,46,0,45,48,54,53,55,51,56,52,50,47,134,140,132,129,137,133,139,135,130,0,138,131,81,90,89,85,86,87,92,83,91,82,0,88,143,3,8,7,5,1,142,141,6,0,4,144,114,112,116,113,105,109,0,0,110,106,0,111,12,0,0,20,19,10,15,14,17,16,13,0,58,65,0,0,57,68,59,0,0,63,64,0
43,0,34,41,36,0,35,42,37,38,0,33,46,52,47,0,0,49,53,0,51,0,48,50,137,134,131,136,0,138,0,130,139,0,135,132,85,91,0,82,86,87,0,83,92,84,0,0,116,111,0,105,0,0,109,113,0,0,0,106,58,61,57,60,66,0,0,63,68,64,62,59,0,8,144,141,0,0,7,3,142,0,6,143,93,102,101,97,98,0,104,95,103,0,96,100,11,15,20,19,17,0,10,9,18,14,16,12,126,124,128,125,117,121,120,127,122,118,119,123,24,23,21,0,0,22,27,26,29,28,25,0,70,77,79,73,69,80,71,72,78,75,0,74
0,52,46,53,48,56,47,54,0,50,51,45,58,64,0,0,68,0,0,0,63,67,60,62,0,2,143,4,141,6,1,0,7,8,3,144,97,103,101,0,0,99,0,95,104,96,0,0,128,0,120,117,127,119,121,125,124,122,126,118,70,73,0,0,78,77,0,75,80,76,74,71,14,20,12,9,17,0,0,0,10,16,0,0,105,114,0,109,0,111,116,107,115,106,108,112,23,0,32,0,29,0,22,21,30,26,28,24,0,136,140,137,129,0,132,139,134,130,131,135,36,35,33,44,43,34,0,38,41,40,37,42,82,0,91,85,81,92,83,84,90,87,88,86
19,16,0,0,0,20,11,18,0,14,15,9,22,28,23,0,32,25,0,0,27,31,24,26,113,110,0,0,105,114,109,106,115,116,111,108,61,67,65,0,62,63,0,0,68,60,64,66,0,87,84,0,91,83,85,89,88,86,0,82,34,0,0,36,42,0,43,39,44,40,38,35,122,0,120,117,125,121,0,0,118,124,126,0,69,78,0,73,0,75,80,71,79,0,72,76,0,0,140,139,137,133,130,129,138,134,0,132,102,100,104,101,93,0,96,103,0,94,95,99,144,143,0,8,7,0,0,2,5,0,1,6,46,53,55,49,0,56,47,48,54,0,0,50
115,112,0,113,108,0,0,114,109,110,111,0,0,0,119,0,128,121,125,117,123,0,120,0,65,62,59,64,57,0,61,58,67,0,63,60,13,19,17,10,0,15,9,11,0,12,16,0,44,39,36,0,43,35,37,41,40,38,42,34,130,133,129,0,0,137,139,135,140,136,134,0,74,80,72,69,77,73,79,0,70,0,0,71,21,30,29,25,26,27,32,23,31,22,24,0,83,87,92,0,89,0,82,81,90,86,88,84,54,52,56,53,45,49,0,55,0,46,0,51,96,95,93,104,0,94,0,98,101,100,97,102,142,0,7,1,141,0,143,144,0,3,4,2
139,136,130,137,132,140,131,138,0,0,135,129,142,4,0,0,8,1,0,141,0,7,144,2,89,86,83,0,81,90,85,82,91,92,87,84,37,43,0,34,38,39,0,0,0,36,0,42,68,63,60,57,67,59,61,65,64,62,66,58,10,13,0,12,18,0,19,15,20,16,14,11,98,104,96,0,101,97,103,99,0,100,0,0,45,54,53,49,50,51,0,0,0,46,48,52,107,111,116,115,113,109,106,105,114,110,112,0,78,0,80,77,0,73,72,0,74,70,71,75,120,119,117,0,127,118,123,0,125,124,121,126,22,29,0,25,21,32,23,0,30,27,28,26
7,4,0,5,0,8,143,0,1,2,3,141,0,16,11,18,20,13,17,9,0,19,12,14,101,98,95,100,93,102,97,94,103,104,99,0,49,55,53,46,50,51,0,47,0,48,52,54,80,75,72,69,79,0,73,77,76,74,78,70,22,25,21,24,30,0,31,27,0,28,0,23,0,0,108,105,113,109,0,111,106,112,114,107,0,66,0,61,0,63,0,0,67,58,0,64,119,0,128,127,125,121,118,117,126,122,0,120,90,88,92,89,0,85,0,91,86,82,0,0,132,131,129,140,139,130,135,0,137,0,133,138,34,41,43,37,0,44,0,36,42,39,40,0
127,0,118,125,0,128,119,126,0,0,0,117,130,0,131,138,0,133,137,129,135,139,132,134,77,0,71,0,69,78,73,70,79,0,75,72,25,31,29,22,26,27,21,23,32,24,28,30,56,51,48,45,55,47,49,53,52,50,54,46,142,1,141,144,6,5,7,3,8,4,0,143,86,92,84,81,89,85,91,87,0,88,0,0,0,42,41,37,38,39,0,0,43,34,36,40,95,99,104,0,0,97,94,93,102,0,100,0,66,64,68,0,0,61,60,67,62,58,59,0,0,107,105,0,115,106,111,110,113,0,109,0,10,17,19,13,9,20,0,12,0,15,0,14
98,95,0,96,0,99,90,97,92,93,94,88,101,0,102,0,111,104,108,100,106,110,103,105,48,45,42,47,40,0,44,41,50,51,0,43,140,2,144,0,141,142,136,0,0,139,143,1,27,22,0,16,26,18,20,0,23,21,25,17,113,116,112,0,121,120,122,118,123,119,0,114,57,63,55,52,60,56,62,58,53,59,61,54,4,0,12,0,9,10,15,6,14,0,0,11,66,70,0,74,72,0,65,64,73,69,0,67,37,35,0,36,0,0,31,0,33,29,0,34,79,78,76,87,0,77,82,0,84,83,80,85,0,132,134,128,0,135,126,127,0,130,131,129
122,119,113,120,115,123,0,0,116,117,118,112,125,0,126,133,135,128,0,124,130,134,127,0,0,69,66,71,64,73,68,65,74,75,70,67,20,26,24,0,0,22,16,18,27,19,23,25,51,46,43,40,50,42,0,0,47,45,0,41,137,140,136,139,1,144,2,142,3,143,141,138,0,87,79,76,84,80,86,82,77,83,0,78,28,37,36,0,0,34,0,0,38,29,0,35,90,0,0,98,96,0,89,88,97,93,95,91,61,59,63,60,52,56,55,62,57,53,54,58,0,0,100,111,110,101,106,105,108,107,0,109,5,12,0,0,0,15,6,7,0,10,11,9
2,143,137,144,139,0,138,0,140,141,142,136,5,11,6,13,0,0,0,4,10,14,7,9,96,93,0,95,88,97,92,0,98,99,0,91,44,50,48,41,45,46,0,42,51,43,47,49,0,0,67,64,0,0,68,72,71,69,0,65,17,20,16,19,25,24,26,22,27,23,21,18,105,0,103,0,108,104,110,106,101,0,109,102,52,61,60,0,57,58,63,54,62,53,0,59,114,118,123,0,0,0,113,112,121,117,119,115,85,83,0,84,76,80,0,0,81,0,78,82,127,126,124,135,134,0,130,129,132,131,128,133,0,36,0,32,28,0,30,31,37,0,35,33
0,83,77,0,79,87,0,85,80,81,82,0,89,0,0,97,99,92,0,88,94,98,91,93,36,0,0,35,28,37,32,29,38,39,34,31,128,134,132,125,129,130,124,126,135,0,0,133,0,0,7,4,14,0,8,0,11,9,13,5,101,104,0,0,109,0,0,106,0,107,105,102,45,0,43,0,48,44,50,46,41,47,0,42,0,1,144,0,141,142,3,138,2,137,139,143,54,58,63,0,60,56,53,52,61,57,0,0,0,23,27,24,16,0,19,26,21,17,18,22,67,66,64,0,74,65,70,69,72,71,0,73,113,0,122,116,112,123,114,115,121,118,119,117
26,23,17,24,0,0,18,25,20,21,22,16,0,0,30,0,39,0,36,28,34,38,0,0,120,117,0,119,112,0,116,113,122,123,118,115,68,74,0,0,69,0,64,0,75,67,0,0,0,94,91,0,98,90,92,96,0,93,97,89,41,44,40,0,49,48,50,0,51,47,45,42,0,135,127,124,132,128,134,130,0,131,133,126,76,85,84,80,81,82,87,78,0,77,79,83,0,142,3,2,144,140,137,136,0,0,0,0,109,107,111,108,100,104,103,110,105,101,0,0,7,0,4,15,14,5,10,0,12,11,8,13,53,60,62,56,52,63,54,55,61,58,59,57
110,107,101,108,0,111,102,109,104,0,106,100,0,119,114,0,123,116,0,0,118,0,115,0,60,57,54,0,52,61,0,53,62,63,58,55,8,14,12,5,9,0,4,0,15,7,0,0,0,34,31,28,38,30,32,36,35,33,0,29,125,128,124,127,133,132,134,0,0,131,0,126,69,75,67,64,72,0,74,70,65,71,0,66,16,25,24,20,21,22,0,18,26,17,19,23,0,82,87,86,0,0,0,0,85,81,83,79,0,47,51,48,0,44,43,50,45,41,42,46,91,0,88,99,98,89,94,93,96,95,92,97,0,144,2,140,0,0,138,0,1,0,0,0
0,59,53,0,55,0,54,0,56,57,0,0,65,71,66,73,0,68,72,64,0,74,67,69,0,9,6,0,0,13,8,5,0,15,10,7,104,110,108,101,0,106,0,102,0,0,107,109,135,130,127,0,134,0,128,132,131,129,133,125,0,80,0,0,0,84,86,82,87,83,81,78,0,27,19,16,24,20,26,22,17,0,25,18,112,0,120,116,117,118,123,114,0,113,115,119,30,34,39,38,36,32,29,28,37,0,35,0,1,143,0,0,136,140,139,0,141,137,138,142,43,42,0,51,50,0,46,45,48,47,44,49,89,96,98,92,0,99,90,0,97,94,95,93
14,11,5,12,7,15,6,13,8,9,10,4,0,23,18,0,0,20,24,0,22,26,19,21,108,105,102,107,0,109,104,0,110,111,106,103,56,0,60,53,57,58,52,54,63,55,0,61,0,82,0,0,0,78,80,0,83,81,85,77,0,32,0,31,37,0,38,34,39,35,33,30,117,123,115,112,120,116,0,118,0,119,121,0,64,73,72,68,0,0,75,0,0,65,67,71,0,130,0,134,132,128,125,124,133,0,131,0,97,0,99,0,88,92,0,98,0,89,90,94,139,0,136,3,0,137,142,141,144,143,140,1,0,48,50,44,40,0,42,43,0,46,47,0
74,71,65,72,67,0,66,73,0,69,70,64,0,83,78,85,87,0,84,0,0,86,79,0,24,21,18,23,16,25,0,0,0,27,22,0,0,0,120,0,117,118,112,114,123,115,119,121,3,0,0,136,2,138,0,0,0,0,0,137,0,92,88,0,97,0,0,0,99,95,93,90,33,39,31,28,0,32,38,34,29,35,37,0,124,133,132,128,129,130,135,126,134,125,127,131,42,46,51,50,48,44,41,40,49,45,47,0,13,0,15,12,4,0,7,0,9,5,0,0,55,54,52,63,62,0,0,57,60,59,56,61,101,108,110,104,100,111,102,103,109,106,107,105
38,0,29,36,0,39,30,37,0,33,0,28,41,47,42,49,51,44,48,40,46,0,43,0,132,129,126,131,0,133,128,125,134,135,130,127,80,86,84,77,0,82,0,78,87,79,0,85,0,106,103,100,110,0,0,108,107,105,0,0,53,56,52,55,61,60,62,58,63,0,57,54,0,3,0,136,0,0,0,142,137,0,1,138,88,97,96,92,0,0,99,0,0,89,91,95,6,10,15,14,12,0,5,4,13,0,0,7,0,119,123,120,112,116,115,122,117,113,114,118,0,18,16,27,26,17,22,0,0,23,20,25,0,72,0,68,64,0,0,67,73,70,71,69
134,0,125,0,127,135,126,133,128,129,130,0,137,143,138,0,3,140,144,136,142,2,139,141,84,0,78,83,76,85,80,77,86,87,82,79,32,0,36,29,33,34,0,30,39,0,35,37,63,58,55,52,62,54,56,0,59,57,61,0,5,8,0,7,13,0,14,10,15,11,0,6,0,99,91,88,96,0,98,94,89,95,97,90,0,0,48,0,0,46,51,0,0,0,0,0,102,106,111,110,108,104,101,0,0,105,107,103,73,0,75,72,0,68,0,74,69,0,66,70,0,0,0,123,122,113,118,117,0,119,116,121,17,24,26,20,16,27,18,19,25,22,0,21
50,0,41,48,43,0,42,49,0,0,46,0,53,59,54,61,0,0,60,52,58,62,55,57,144,0,138,143,0,0,140,137,2,0,0,0,92,98,96,89,93,94,0,90,99,91,95,97,123,118,115,0,122,114,116,120,119,117,121,113,65,68,64,67,0,72,74,70,0,71,69,66,0,15,7,4,0,8,14,10,5,0,13,6,100,109,0,104,105,106,111,102,0,101,103,107,18,22,27,26,24,0,0,16,25,21,23,19,133,0,135,132,124,128,127,134,129,125,126,130,31,30,28,39,38,29,34,0,36,35,32,37,77,0,86,80,76,87,78,79,85,0,0,81
0,123,0,0,0,0,118,125,120,121,122,116,129,0,130,137,139,132,136,128,134,138,131,133,76,73,70,75,68,0,72,69,78,79,74,71,0,30,28,21,25,0,0,0,0,23,27,29,55,50,0,0,54,46,48,0,51,0,53,45,0,144,140,143,5,0,0,2,0,0,0,142,85,91,83,80,88,84,90,86,81,87,89,0,32,41,0,0,37,38,43,34,42,33,0,0,94,98,103,102,100,96,93,0,0,97,99,95,65,63,67,64,56,0,59,66,0,57,58,62,107,106,104,115,114,0,110,109,112,111,108,113,9,16,18,12,8,19,10,11,17,14,15,13
30,27,21,28,23,31,0,0,24,25,26,20,33,0,34,41,43,36,40,32,38,42,0,37,124,0,118,123,116,125,120,117,126,127,122,119,72,0,76,0,73,74,68,0,79,71,0,77,103,98,95,92,102,94,0,100,99,97,101,0,45,48,0,47,53,52,54,50,55,51,49,46,133,139,131,128,136,132,0,134,0,135,137,130,80,0,0,84,0,86,91,82,90,81,83,0,142,2,7,6,4,144,0,140,5,1,3,143,113,0,115,112,104,108,107,0,0,105,0,110,0,10,8,19,0,9,14,13,16,15,12,17,57,64,66,60,0,67,0,59,0,0,63,61
0,0,0,40,35,43,34,41,36,37,38,32,0,51,46,53,0,48,0,44,0,54,47,49,136,133,0,0,128,0,132,129,0,0,134,0,0,90,88,81,85,86,0,82,91,83,87,0,115,110,107,104,114,106,108,112,111,109,113,105,57,60,56,59,65,0,0,0,67,63,61,0,1,7,143,140,4,144,6,0,0,3,5,142,92,101,0,96,97,98,103,94,102,93,95,99,10,14,0,18,16,12,9,8,0,0,15,11,125,123,127,124,116,120,119,126,121,117,118,122,23,22,0,31,30,21,26,25,28,27,0,29,69,76,78,72,68,0,0,71,77,74,75,73
6,3,0,4,143,0,142,5,0,0,2,140,9,15,0,17,19,12,16,0,14,18,11,13,100,0,94,99,92,101,0,93,0,103,98,95,48,54,0,45,49,50,44,46,55,47,51,53,79,74,71,68,78,0,72,76,75,0,0,69,21,24,20,23,29,28,30,26,31,0,0,22,109,0,0,104,0,108,0,110,105,111,113,106,56,65,64,60,61,0,67,58,66,57,59,0,118,122,0,0,124,120,117,116,0,121,123,0,89,87,91,88,80,0,83,0,85,81,82,86,131,0,128,139,138,0,134,0,136,135,0,137,33,40,0,36,0,43,34,35,41,38,0,0
90,87,81,88,83,91,82,89,84,0,86,80,0,99,94,0,103,96,100,92,98,102,95,97,40,37,0,39,32,41,36,33,42,43,0,35,0,138,0,0,0,134,128,0,139,131,135,137,19,14,0,8,0,10,12,16,0,13,17,9,105,108,0,107,113,112,0,110,115,111,109,106,0,0,47,44,52,48,0,50,45,51,53,46,140,5,0,144,0,2,0,142,6,0,143,0,58,62,67,66,0,60,57,56,65,61,63,59,0,27,31,0,20,0,23,30,25,21,22,26,71,70,68,79,78,69,74,73,76,0,72,77,117,124,0,120,116,0,118,119,125,122,0,121
66,63,57,0,59,67,58,0,60,61,0,56,69,0,70,77,79,72,76,68,74,78,71,73,16,13,0,0,8,17,12,9,18,0,14,11,108,114,112,105,109,110,104,0,0,107,111,113,139,134,131,128,138,130,132,136,135,133,0,129,81,84,80,83,0,88,90,86,91,0,0,82,0,31,23,0,28,24,30,26,0,27,29,22,116,125,0,120,0,122,127,118,126,117,0,123,34,38,43,42,40,36,33,32,41,37,39,0,5,3,0,4,140,144,143,6,1,0,142,0,47,0,44,55,54,0,50,49,52,0,48,53,93,100,102,0,92,103,94,95,0,0,0,97
138,135,0,0,131,139,130,137,132,133,134,128,0,3,142,5,0,144,4,0,2,0,0,1,88,85,0,87,80,0,0,81,0,91,0,83,36,0,40,0,0,38,32,34,43,35,39,41,67,62,0,56,66,58,0,0,63,61,65,57,9,12,8,11,17,0,18,14,19,15,13,0,97,103,95,92,100,96,102,98,93,99,0,94,44,53,0,48,0,50,55,46,0,45,47,51,106,110,0,0,112,108,0,104,113,109,0,107,0,75,79,76,68,72,0,0,0,69,70,0,0,118,0,127,0,0,122,121,0,123,120,0,21,0,30,24,20,31,22,0,29,26,27,25
114,111,105,0,107,115,106,0,108,109,110,104,117,123,118,125,0,120,0,116,122,126,119,121,64,61,58,63,56,65,60,57,66,67,62,59,12,18,16,9,0,14,8,10,19,11,15,17,43,38,35,32,0,34,0,40,39,37,41,33,129,132,0,0,0,136,138,0,139,135,133,130,73,79,71,68,76,72,78,74,69,75,77,70,0,0,28,24,25,0,31,22,0,21,23,27,0,86,91,90,0,84,81,80,89,85,87,83,53,51,55,52,44,0,0,54,0,45,46,50,95,94,92,103,102,93,0,0,100,99,96,101,0,0,6,144,0,7,0,143,5,2,3,0
0,99,0,100,95,103,94,0,96,0,0,92,105,111,106,113,115,108,112,104,110,114,107,0,52,49,46,0,44,0,48,45,54,55,0,0,144,6,4,0,1,2,0,0,0,143,3,5,31,26,23,0,30,22,24,28,0,25,29,0,117,120,0,119,125,0,126,122,127,0,121,118,61,67,59,56,0,60,66,62,0,63,65,58,8,17,16,12,13,14,19,10,18,9,11,15,70,74,79,78,76,72,0,68,77,73,0,71,41,0,43,40,32,36,0,42,37,33,34,38,83,0,80,91,90,81,0,0,88,0,84,89,129,0,138,0,128,139,130,131,0,134,135,133
78,0,0,76,71,79,70,77,72,73,74,68,81,87,82,89,91,84,88,80,0,0,83,85,28,25,22,0,20,0,24,0,30,31,26,23,120,126,124,117,121,122,116,118,127,119,123,125,0,2,143,140,6,0,0,4,3,1,5,0,93,96,0,95,0,0,0,0,103,99,97,0,0,43,35,32,40,36,42,0,33,39,41,0,128,0,0,132,0,0,139,130,138,129,131,135,46,0,0,0,0,48,45,44,53,49,0,47,0,15,19,16,8,12,11,18,0,0,0,14,0,58,56,67,66,57,62,61,64,0,60,65,105,112,114,108,104,0,106,107,113,110,111,109
18,15,9,16,11,19,10,17,0,13,14,8,21,0,22,29,0,24,28,20,26,30,23,0,112,0,106,111,104,113,108,0,114,115,0,107,60,66,0,0,0,62,0,58,67,59,0,65,91,0,83,80,90,0,84,88,87,0,89,81,33,36,32,35,41,40,42,38,0,39,37,34,121,127,0,116,124,0,126,122,117,0,125,118,68,77,0,72,0,74,79,70,0,69,71,75,130,134,0,138,136,132,129,128,137,133,135,131,0,99,103,100,0,0,95,102,0,93,94,98,143,0,140,0,6,0,2,1,4,0,144,0,45,0,54,48,44,55,46,0,53,50,0,0
0,51,0,0,0,55,0,53,0,49,50,44,57,63,58,65,0,60,64,56,0,66,0,61,4,0,142,0,0,0,0,141,0,7,2,0,96,0,0,0,97,98,92,0,103,95,99,0,127,0,119,0,126,118,120,124,123,121,125,0,69,72,68,0,77,76,78,74,79,75,0,70,13,19,0,8,16,12,18,14,9,15,17,10,104,113,112,108,109,110,115,106,114,105,107,0,0,26,0,30,28,0,21,20,29,25,0,0,0,135,139,136,0,132,131,138,133,129,130,134,35,34,32,43,42,33,38,37,0,39,36,41,0,0,90,84,80,91,0,83,89,86,87,85
56,53,47,54,49,57,48,0,0,0,0,46,59,65,60,67,0,62,66,58,64,0,0,0,0,3,144,0,142,7,2,143,8,9,4,1,98,104,0,0,0,100,0,0,0,97,101,0,129,124,0,118,128,120,122,126,125,0,127,119,0,74,70,73,79,78,80,0,81,77,0,72,15,21,0,10,18,14,20,0,11,17,19,12,106,115,114,110,111,112,117,108,116,107,109,113,24,28,33,32,0,26,23,22,31,27,29,25,0,137,141,138,130,134,133,140,135,131,132,136,0,36,34,45,0,35,40,39,42,0,38,0,83,90,92,86,0,93,0,85,91,88,0,87
8,0,0,0,1,0,144,7,2,3,4,142,11,17,12,19,21,14,18,10,16,20,0,15,102,99,0,101,94,103,98,95,104,105,0,97,50,0,54,47,51,52,0,48,57,0,53,0,0,76,73,70,0,72,74,0,77,75,79,71,0,26,22,0,0,30,32,28,33,0,27,24,111,0,109,106,0,110,0,112,107,113,0,108,0,67,0,62,63,0,69,60,0,59,0,65,120,124,129,128,0,0,119,118,127,123,0,121,91,0,93,90,82,86,85,0,87,83,84,88,133,132,130,0,140,131,0,135,138,137,134,139,35,42,44,38,0,45,36,37,43,40,41,39
128,125,119,126,121,129,0,127,0,123,124,118,131,137,132,139,141,134,138,130,0,0,0,135,78,75,72,0,0,79,74,0,80,81,0,73,26,0,30,0,27,0,22,24,0,25,0,31,0,0,0,46,56,48,50,0,53,51,55,47,143,0,0,1,0,6,8,4,9,5,3,144,87,93,85,0,90,86,92,0,83,89,0,84,0,0,0,38,39,40,45,0,44,35,37,0,0,0,105,104,0,98,95,94,103,99,0,97,67,65,69,66,58,62,61,68,0,59,0,64,109,108,106,0,116,0,112,111,0,113,0,0,0,18,0,14,10,0,12,13,19,0,0,15
116,113,107,0,109,0,108,115,110,111,112,106,119,0,120,127,129,122,126,118,124,128,0,123,0,63,60,65,58,67,62,59,68,69,64,61,14,0,0,0,15,16,10,12,0,13,17,19,45,40,37,34,44,0,0,42,0,39,43,35,0,0,130,133,139,138,140,0,141,0,135,0,75,81,73,70,78,74,80,76,71,0,79,72,0,0,30,26,27,28,0,24,32,23,25,0,84,0,0,0,0,86,83,0,91,87,0,85,55,0,57,54,46,50,49,56,51,47,48,52,97,96,94,105,104,95,100,99,102,101,0,0,143,6,0,0,142,0,144,0,7,4,0,3
140,137,0,138,133,141,0,139,134,135,136,0,0,5,144,7,9,2,0,142,4,8,1,3,90,0,84,0,82,0,86,83,92,93,0,85,38,44,42,35,0,40,34,0,45,37,41,0,69,64,61,58,68,60,62,66,65,63,67,59,11,14,10,13,19,18,20,16,21,17,0,12,99,105,0,94,102,98,0,100,95,101,103,0,46,55,54,50,51,52,57,48,56,47,49,53,0,112,117,116,114,110,0,106,115,0,113,109,79,77,81,78,70,74,73,80,75,0,72,76,121,120,118,129,0,119,124,123,0,0,122,127,0,30,0,26,22,33,0,25,31,0,29,0
0,65,59,66,61,69,0,0,62,63,64,58,71,77,0,79,81,74,78,70,76,80,0,75,18,0,0,17,10,19,14,11,20,21,16,13,110,116,114,107,111,112,106,108,117,109,113,115,141,136,133,130,140,0,134,138,137,135,139,0,0,86,82,85,0,90,92,88,0,89,87,84,27,33,25,22,30,26,0,28,23,29,31,24,118,127,126,122,123,124,129,0,0,0,121,0,36,40,0,44,42,38,0,34,43,39,0,37,7,5,0,6,142,0,1,8,3,143,144,4,49,48,0,57,56,47,0,0,54,53,50,0,95,0,0,98,94,0,96,0,103,0,0,99
0,77,71,78,73,0,72,79,74,75,76,70,83,89,84,91,93,86,0,82,88,92,85,87,0,27,24,29,22,0,0,0,32,33,28,0,122,0,126,119,123,124,118,0,0,121,0,0,0,0,1,142,0,144,2,6,5,3,7,143,0,98,0,0,103,102,104,100,105,101,99,96,39,45,37,34,42,0,44,40,0,41,43,0,0,139,138,134,135,0,141,132,140,131,133,0,48,0,0,56,54,50,0,0,0,51,53,49,19,17,21,18,0,14,13,0,15,11,12,16,61,60,58,0,68,0,0,63,0,65,62,67,107,0,116,110,106,117,108,109,115,112,113,111
0,0,83,90,0,93,84,91,86,87,88,0,95,101,96,103,105,98,102,0,100,104,97,99,42,39,36,41,34,43,38,35,44,45,0,0,0,140,0,131,0,136,130,132,141,0,137,0,21,0,13,10,20,12,14,18,17,0,19,11,107,110,106,0,0,114,116,112,117,113,111,108,51,57,49,46,54,50,56,52,47,53,55,48,142,7,6,2,3,0,0,144,8,143,1,5,60,0,69,68,0,62,59,0,0,0,0,61,31,29,33,0,22,26,0,32,27,23,24,0,73,72,70,81,80,71,0,75,78,77,0,79,119,126,128,122,0,129,120,121,127,124,125,123
0,41,35,42,37,0,36,43,38,39,40,0,47,53,48,55,57,50,0,0,52,56,49,51,138,0,132,137,130,0,134,131,140,141,136,133,0,92,0,83,87,88,82,0,93,85,89,91,117,0,0,0,116,108,0,114,113,0,0,0,0,62,0,61,67,0,0,64,69,65,63,60,3,9,1,0,6,0,8,4,0,5,7,144,94,103,102,98,0,100,105,96,104,0,97,101,12,16,21,20,18,14,0,0,0,15,0,13,127,125,0,126,118,122,121,0,123,119,120,124,25,24,0,33,32,23,28,27,30,29,26,31,71,78,80,74,70,81,72,73,79,76,77,0
104,0,95,102,97,105,96,0,0,0,100,0,107,113,108,115,117,110,114,0,112,116,0,0,54,51,0,53,46,0,50,0,56,57,52,0,2,8,0,143,3,4,0,144,9,0,0,0,33,28,25,22,0,0,26,0,29,27,31,23,119,122,0,121,127,126,128,0,129,125,123,120,0,69,61,58,66,62,68,64,59,65,0,60,10,19,18,14,0,16,21,12,20,11,13,17,72,76,81,80,78,74,0,70,79,75,0,73,43,0,45,42,34,0,37,44,39,35,36,40,85,84,82,93,92,83,0,87,90,89,86,0,131,138,0,134,130,0,132,133,0,136,0,135
20,0,0,18,13,21,12,19,0,15,16,10,0,29,24,31,33,26,0,22,0,0,25,0,114,111,108,0,0,115,110,0,116,117,112,109,62,68,66,59,63,64,58,60,0,61,0,0,0,88,85,82,92,84,86,90,89,87,91,83,0,38,34,37,43,42,44,40,45,41,39,0,123,129,121,118,126,122,128,124,119,125,127,120,0,79,78,74,75,76,81,72,80,0,0,77,0,136,141,140,138,134,131,130,139,135,137,133,103,101,0,0,94,0,0,104,99,0,96,100,1,144,142,9,0,143,4,0,6,5,2,7,0,54,56,50,0,0,48,49,55,52,0,51
32,29,23,30,25,33,24,31,26,0,0,22,35,41,36,43,45,0,42,0,40,44,37,39,126,123,120,0,118,0,122,0,0,0,0,121,0,80,78,71,75,76,70,72,0,73,77,0,105,100,97,94,104,96,98,0,101,99,103,95,0,0,0,49,55,0,56,52,57,53,51,48,0,0,133,130,138,0,0,0,131,0,139,132,82,91,90,86,87,88,93,84,92,83,85,89,144,4,9,8,6,0,143,0,7,3,5,0,115,0,117,114,106,110,109,116,0,107,108,112,13,12,10,21,20,11,0,15,0,17,14,19,59,0,68,62,58,0,60,61,67,0,65,63
