89,90,95,94,86,88,93,91,85,0,92,87,28,31,36,34,0,0,26,25,33,27,30,0,112,0,109,0,118,119,115,120,0,117,0,110,0,133,135,0,136,0,137,144,0,0,140,139,131,127,124,0,0,125,132,0,129,121,0,128,41,0,45,39,44,37,46,47,48,43,40,0,55,0,0,51,0,54,49,56,52,60,59,57,80,73,78,81,74,82,0,0,75,83,84,77,5,8,12,1,9,3,2,6,10,4,7,11,108,0,104,103,0,0,100,106,99,98,101,97,23,24,17,13,21,19,20,18,15,14,0,22,0,0,0,69,64,67,72,61,70,62,66,71
0,78,0,82,74,76,81,79,73,84,0,75,16,0,0,22,20,0,14,13,21,15,0,17,0,101,97,102,106,0,103,108,99,105,104,98,126,121,123,131,124,129,125,132,122,130,128,127,119,115,112,118,111,113,120,0,117,0,114,116,29,26,33,27,32,25,34,35,36,31,28,30,43,38,41,39,0,42,37,44,40,48,47,45,68,0,66,0,62,70,0,0,63,71,0,0,0,140,144,133,141,135,134,0,142,136,0,143,96,90,92,91,93,95,88,94,87,86,0,0,11,12,0,1,9,7,8,6,3,0,4,10,53,56,51,57,52,55,60,49,0,50,0,59
0,0,71,70,62,64,0,0,0,72,68,0,0,0,12,10,8,0,2,1,0,3,6,5,88,89,0,90,0,0,91,0,87,93,0,86,114,109,0,119,112,117,113,120,110,118,116,115,107,103,100,106,99,0,108,98,105,97,0,104,17,14,21,15,20,13,22,0,24,19,16,18,31,26,29,27,0,30,25,32,28,36,35,33,56,49,0,57,50,58,0,55,51,0,0,0,125,128,132,0,129,123,122,0,0,124,127,131,84,78,0,0,81,83,0,82,75,74,77,0,143,144,137,133,0,139,140,138,0,134,0,142,41,44,39,45,40,0,48,0,46,38,42,47
53,0,59,58,0,52,0,0,0,60,56,51,136,0,0,0,140,143,134,133,141,0,138,137,0,77,73,0,82,83,0,84,75,81,0,0,0,97,99,107,0,105,101,108,98,0,104,103,0,91,88,94,87,89,96,86,93,85,90,92,5,2,0,3,0,1,10,11,12,7,4,6,19,14,17,0,22,18,0,20,16,24,0,21,44,37,42,45,38,46,40,43,0,47,48,41,0,0,120,109,117,111,110,114,118,0,115,119,0,66,68,67,69,71,0,0,63,62,0,61,0,132,125,121,129,127,128,126,0,122,124,130,29,32,27,33,28,31,36,25,34,26,30,35
0,0,47,46,38,40,45,43,37,48,0,39,124,127,0,130,128,0,122,121,129,123,0,125,64,65,61,66,70,71,67,72,63,69,0,62,90,85,87,95,0,93,0,96,0,0,92,0,83,0,76,82,0,0,84,0,81,73,78,0,137,134,141,135,140,133,142,0,0,139,136,138,7,2,5,3,10,0,1,8,0,12,11,0,0,25,30,33,26,34,28,0,27,0,0,0,101,104,108,97,0,99,98,102,106,0,103,107,60,54,56,55,0,59,52,0,51,50,53,0,119,120,113,109,117,115,116,114,111,110,112,118,17,20,15,21,16,19,0,13,22,14,18,0
29,30,35,34,26,28,33,31,25,0,32,0,112,115,120,0,116,119,110,109,117,111,0,113,52,53,49,54,58,59,0,60,51,57,56,50,78,73,75,0,76,81,77,0,74,82,80,79,71,67,64,0,63,0,72,62,69,61,0,68,0,0,0,123,0,121,0,0,132,0,124,126,139,134,137,135,142,138,0,140,136,144,143,141,0,0,18,21,14,22,0,19,15,23,24,17,89,0,96,0,93,87,86,90,0,88,91,0,48,42,44,0,45,47,40,46,39,0,41,37,107,108,101,0,105,103,104,102,99,98,100,106,5,8,3,9,4,7,0,1,10,2,6,0
17,0,23,22,14,0,0,0,13,24,20,15,100,0,108,0,104,107,98,97,105,99,102,101,0,41,37,42,46,47,43,48,39,45,44,38,0,61,63,71,64,0,65,0,62,70,68,67,59,0,52,0,51,53,60,50,57,49,54,56,113,110,117,111,116,109,118,119,0,115,112,114,0,0,125,0,0,126,121,128,124,132,0,129,8,1,0,9,0,0,4,7,3,0,12,5,77,80,0,73,81,75,0,0,82,76,79,0,36,0,32,31,33,35,28,34,27,26,29,25,95,0,89,0,93,91,92,90,0,0,88,94,137,0,135,141,136,0,0,133,142,134,138,143
5,0,11,10,2,0,9,7,0,0,0,3,88,91,96,94,92,0,86,85,93,87,0,89,0,29,25,0,34,35,31,0,27,33,32,26,0,49,51,59,52,57,53,0,50,58,0,55,47,43,40,0,39,41,48,38,0,0,42,44,101,98,105,99,104,0,106,107,108,103,100,102,115,110,113,111,0,114,0,116,112,120,119,117,140,133,138,141,134,142,136,139,0,143,144,137,65,68,72,0,0,63,0,66,70,64,67,0,24,18,20,0,21,0,16,22,15,14,17,13,83,0,77,73,81,79,80,78,75,74,76,82,0,128,123,129,124,0,132,0,130,122,126,131
137,138,143,142,134,136,141,139,133,144,0,135,76,79,0,82,80,0,74,73,81,75,78,0,16,17,13,0,22,0,19,24,15,0,20,14,0,37,39,47,40,0,41,48,38,0,44,0,35,31,28,34,27,29,36,0,33,25,30,32,89,86,93,87,0,85,94,95,96,91,0,90,103,0,101,0,106,102,97,104,100,0,107,105,128,121,126,129,122,130,124,127,0,131,132,0,53,56,60,49,57,51,50,54,58,0,55,0,0,6,8,7,9,0,4,0,3,2,5,1,0,72,65,61,69,67,68,66,63,62,0,0,113,116,0,0,112,115,120,109,118,110,114,119
125,126,131,130,0,124,129,127,121,132,0,123,0,67,72,0,68,71,0,0,0,63,66,65,4,5,1,6,0,11,7,12,3,9,0,2,30,25,0,35,0,33,29,36,26,34,32,31,0,19,16,22,15,0,24,14,0,13,0,0,0,74,81,75,80,73,82,83,84,79,76,78,91,86,89,0,94,90,85,0,88,0,95,93,116,109,114,117,110,118,112,0,111,0,0,0,41,44,48,37,45,0,38,42,0,40,0,47,144,138,140,139,0,143,136,142,135,134,137,133,59,60,53,49,57,55,56,0,51,50,0,58,101,104,99,105,0,0,108,97,106,98,102,107
0,114,0,118,0,0,117,0,0,120,116,0,0,55,0,58,56,59,50,49,57,51,54,53,136,137,133,0,142,143,139,144,0,141,140,134,18,13,15,0,0,0,17,24,14,22,0,19,11,7,4,0,3,5,12,2,9,1,0,8,0,62,69,63,0,61,70,71,72,67,64,66,79,74,0,75,82,78,73,80,76,0,83,81,104,97,102,0,98,106,100,103,99,107,108,101,0,32,36,25,33,27,26,30,34,28,31,35,132,126,128,127,0,131,124,0,123,122,125,121,47,0,41,37,45,43,44,42,0,38,40,46,0,92,87,93,0,91,96,85,94,86,0,95
101,102,107,106,98,100,0,103,97,108,104,0,40,43,0,46,0,47,0,37,45,0,0,0,124,125,0,126,130,131,0,132,0,0,128,122,6,1,3,11,0,9,5,12,2,0,8,7,143,139,136,142,135,137,144,134,141,133,0,0,53,50,57,51,56,0,58,0,0,55,0,54,67,62,65,63,0,66,61,68,64,72,71,0,92,85,90,93,86,94,88,91,87,0,96,89,17,20,24,13,0,15,0,18,22,0,19,23,120,114,0,115,117,119,112,118,0,110,113,109,35,36,0,25,33,31,32,30,27,26,28,34,77,80,0,81,76,0,84,73,82,74,0,0
0,0,134,133,125,127,132,130,0,135,131,0,0,0,0,0,71,74,0,0,0,66,69,68,7,8,4,0,13,14,10,15,6,0,11,5,33,28,30,38,0,36,0,39,29,37,35,34,26,0,0,25,18,20,27,17,24,16,21,23,80,0,0,78,83,0,85,86,87,82,79,81,94,89,92,0,0,93,88,0,91,99,98,96,119,112,117,120,113,121,115,0,114,122,123,116,44,47,51,40,48,42,41,0,0,43,46,50,3,141,0,142,144,2,139,1,138,137,140,136,0,0,56,52,0,0,59,57,54,53,55,61,104,107,102,108,0,106,111,0,109,101,105,110
140,141,2,1,137,139,144,142,136,3,0,138,79,82,87,85,0,86,77,76,84,78,81,80,0,20,16,21,25,0,22,27,0,24,0,17,45,40,0,50,43,0,44,51,0,49,47,46,38,34,31,37,0,32,39,29,36,28,0,35,92,89,96,90,95,88,97,0,99,94,91,93,106,101,104,102,0,0,0,107,103,111,110,108,131,0,129,132,0,133,127,130,126,134,135,128,56,59,0,52,0,54,0,57,0,55,58,62,15,9,0,10,0,0,7,13,0,0,8,4,74,75,68,64,72,70,71,69,66,0,0,73,116,119,114,120,115,118,123,0,121,113,117,122
104,105,110,109,0,103,108,106,100,111,0,102,43,46,0,49,47,50,0,40,48,0,45,44,127,128,124,129,133,134,130,135,126,132,131,125,9,0,6,0,7,12,8,15,5,0,11,10,0,142,139,1,138,140,0,137,144,136,141,143,56,53,0,0,59,52,0,62,63,0,55,57,0,65,68,66,73,69,64,0,67,75,74,72,95,88,93,96,89,0,91,0,90,98,0,92,20,23,27,0,24,0,17,21,25,19,0,26,0,0,119,118,0,122,115,121,0,113,116,0,38,0,0,28,36,34,35,33,30,0,0,0,0,83,78,84,0,82,87,0,85,0,81,86
116,117,122,121,113,115,120,118,112,123,119,114,55,0,63,61,59,62,53,0,60,54,57,0,139,140,136,141,1,2,142,3,138,144,143,137,21,16,18,26,19,24,20,0,17,0,23,22,0,10,7,13,6,8,15,0,0,4,9,11,68,65,0,66,71,64,73,74,0,70,67,0,0,0,80,78,85,81,76,0,0,0,86,84,0,100,105,0,101,109,103,0,102,110,111,104,32,35,39,0,36,30,0,33,37,31,34,38,135,0,131,130,0,0,127,133,126,125,0,124,50,51,44,40,0,46,47,45,42,41,43,49,0,95,90,96,0,94,99,88,97,89,0,98
32,33,38,0,0,31,0,34,28,0,35,0,115,118,123,121,0,122,0,0,120,0,117,116,55,56,52,57,61,0,58,63,54,60,59,53,81,76,0,86,79,0,80,87,77,85,83,82,74,70,67,73,66,68,75,65,72,0,69,71,0,125,132,0,131,124,133,134,135,0,127,129,142,137,140,0,0,141,136,143,139,3,2,0,23,16,21,0,17,25,19,22,18,26,27,20,92,95,0,88,96,90,89,93,97,91,94,98,51,45,47,46,48,50,43,49,42,41,44,40,110,0,104,100,108,106,107,105,102,0,103,109,8,11,6,12,7,10,15,4,13,5,0,14
92,0,98,97,89,91,96,94,88,99,95,90,31,34,39,37,35,0,29,28,36,30,33,0,0,116,112,117,121,122,118,123,114,120,0,113,141,136,138,2,139,144,0,3,137,0,143,142,0,130,0,0,126,128,135,125,0,124,129,131,44,41,48,0,47,40,0,0,51,46,43,45,58,53,56,54,61,0,52,59,0,63,62,60,83,76,81,0,0,85,79,82,78,86,87,80,8,11,0,4,12,6,5,9,13,7,10,0,111,105,107,106,0,110,103,0,0,101,104,0,26,27,20,16,24,0,23,0,0,17,19,25,0,71,0,72,0,70,75,0,73,0,69,74
68,0,74,73,65,67,72,70,64,75,71,0,7,0,0,13,11,14,0,4,0,6,9,8,91,92,88,93,97,98,94,99,0,96,0,89,0,112,114,122,115,120,116,123,113,121,119,118,110,106,103,109,102,104,111,101,0,100,105,107,20,17,24,18,23,16,0,26,27,22,19,21,0,29,32,30,37,33,28,0,31,39,0,36,59,52,57,60,53,61,55,0,0,62,63,56,0,131,0,124,0,0,125,0,133,127,130,134,87,0,83,82,84,86,79,85,78,0,80,76,0,3,140,136,144,142,143,141,0,137,0,1,0,47,42,48,43,46,0,0,49,41,45,50
8,0,0,13,0,0,0,10,0,15,11,6,0,0,99,0,0,98,0,88,96,90,93,92,31,32,0,33,37,38,34,39,0,36,35,29,0,52,54,0,55,0,56,63,53,61,0,58,50,46,0,49,42,44,51,41,48,0,0,47,104,101,108,102,107,0,109,110,111,106,103,105,0,113,116,0,121,0,112,119,0,0,122,120,143,136,141,144,0,1,139,142,138,2,3,140,68,71,75,64,72,66,65,69,0,67,70,74,27,21,23,22,24,26,19,0,18,17,20,16,0,87,80,76,0,82,83,81,0,0,0,85,128,131,0,132,127,0,135,124,133,125,129,134
20,21,26,25,17,19,24,22,0,27,0,18,0,106,111,0,107,0,101,0,108,102,105,104,43,0,0,45,49,50,46,51,0,48,47,41,69,0,66,74,0,72,68,75,65,0,71,70,62,0,55,0,54,56,63,0,0,52,57,0,116,113,120,114,119,112,0,122,0,118,0,117,130,125,128,126,133,129,124,131,127,135,134,132,0,4,9,0,5,13,7,10,0,0,15,8,80,83,87,76,0,78,0,81,85,79,82,86,39,33,35,34,36,38,0,37,30,29,0,0,98,0,92,88,96,94,95,93,90,89,91,0,140,143,0,0,0,142,3,136,1,137,141,2
80,0,86,85,77,79,84,82,76,87,83,78,19,22,0,25,23,26,0,0,24,18,0,0,103,104,100,105,109,0,106,111,0,108,107,101,129,124,126,134,127,132,0,0,125,133,0,130,122,118,115,121,114,116,123,113,0,112,0,119,32,29,36,30,0,0,37,38,0,34,31,33,46,41,0,42,49,45,40,47,0,51,50,0,71,64,69,72,65,73,67,70,0,74,75,68,140,143,3,136,144,138,137,141,0,139,142,2,99,93,0,94,96,98,91,97,90,89,92,88,14,15,8,4,0,10,11,9,6,5,7,13,56,59,54,60,55,58,0,0,0,0,57,62
56,57,62,0,53,0,60,58,52,63,59,54,0,142,3,0,143,2,0,136,144,138,141,140,0,80,76,81,85,86,82,87,78,0,83,0,0,100,0,110,0,108,0,111,101,109,107,106,98,0,91,0,90,92,0,89,0,0,93,0,8,5,0,0,0,4,13,14,15,10,7,9,22,17,20,18,25,21,16,23,19,0,26,0,47,40,45,48,41,49,43,46,42,50,51,44,116,119,0,112,0,114,113,117,0,0,118,122,75,69,71,70,72,0,67,73,66,65,68,0,134,135,128,124,0,130,0,129,126,125,0,0,32,35,30,36,31,0,39,28,37,29,33,38
44,45,50,49,41,43,48,46,40,51,47,42,0,0,0,0,131,134,0,0,132,126,129,0,67,68,64,69,73,0,0,0,0,72,71,65,0,0,90,98,91,96,92,99,89,97,95,94,86,82,79,0,0,80,87,77,84,76,81,83,0,137,144,138,143,136,1,2,3,142,139,0,10,5,8,6,0,0,4,0,7,0,14,12,35,28,33,36,29,37,0,34,30,38,39,0,104,107,0,100,108,0,101,105,0,103,106,110,0,57,59,0,60,62,55,0,54,53,56,52,122,123,0,112,120,118,0,117,114,113,115,121,20,23,18,24,0,22,27,16,0,17,0,26
67,0,73,72,64,0,0,69,63,74,70,65,6,0,0,12,10,13,0,3,0,5,0,7,90,0,87,0,96,97,93,98,89,95,94,88,116,0,113,0,114,119,115,122,112,120,118,117,0,105,0,108,101,103,110,0,0,99,104,106,19,16,23,17,0,15,0,25,26,21,0,20,0,28,31,29,36,32,0,34,30,0,37,35,58,0,56,59,0,60,54,57,53,61,62,55,127,0,0,123,131,125,124,0,132,126,129,133,0,80,82,81,83,0,78,0,77,76,79,0,1,2,139,0,0,141,142,140,137,0,138,144,43,0,41,47,0,0,0,39,48,40,44,49
0,20,25,24,0,18,23,0,15,26,0,0,102,105,110,0,106,109,100,0,107,101,104,0,0,43,39,44,48,49,45,50,41,47,46,40,68,0,65,73,0,71,0,74,64,72,70,0,0,57,54,60,53,55,62,0,59,51,0,58,115,112,0,113,118,111,120,121,122,117,0,116,129,124,0,0,132,128,123,130,126,134,133,131,10,3,8,11,4,0,6,9,5,13,14,7,79,82,86,75,83,77,76,80,84,78,0,85,38,32,0,33,35,37,30,0,29,0,31,0,97,98,91,87,95,93,94,92,89,88,90,96,139,142,137,0,0,141,2,135,0,136,140,1
139,140,1,0,136,138,143,141,135,0,142,0,78,81,0,0,82,85,76,75,0,0,80,0,0,19,15,20,24,25,0,26,17,23,22,16,0,39,0,0,42,47,43,50,40,48,46,45,37,33,30,0,29,31,38,0,35,27,32,34,91,88,95,89,94,87,96,0,0,93,0,92,105,100,103,101,108,104,0,106,102,110,109,107,130,123,128,0,124,132,126,129,0,133,134,127,55,58,62,51,59,53,52,0,60,0,57,61,14,8,10,9,0,13,0,12,5,4,0,3,73,74,0,63,71,69,70,68,65,0,66,72,115,118,113,119,0,117,122,111,120,112,116,121
79,80,85,84,0,0,83,81,75,86,0,77,0,21,26,24,22,25,16,15,23,17,0,0,0,103,99,104,108,109,105,110,101,0,106,100,128,123,125,133,126,131,127,134,124,132,130,129,121,0,114,120,113,115,122,112,119,111,116,118,31,0,0,29,34,0,36,37,38,33,30,0,0,40,43,41,48,44,39,46,42,50,49,47,70,63,68,0,0,72,66,69,0,73,74,67,139,142,2,135,143,137,136,0,0,138,141,1,0,92,94,0,0,97,90,96,0,88,91,87,13,14,7,3,11,9,10,8,5,4,6,12,55,58,53,59,54,57,62,51,60,52,56,0
127,128,0,132,0,126,131,129,123,0,130,125,66,0,74,72,0,73,64,63,71,0,68,67,6,7,3,8,0,0,0,14,0,11,0,0,32,27,0,0,30,35,0,38,28,36,34,0,25,0,0,24,17,19,26,16,0,0,20,22,79,76,83,77,82,0,0,85,86,81,78,80,93,0,91,89,96,92,87,94,90,98,97,95,118,111,116,119,0,120,0,117,113,121,122,115,43,0,50,39,47,41,40,0,48,42,45,49,2,0,142,141,0,1,138,144,137,136,139,0,61,0,0,51,59,57,58,56,53,52,54,0,103,106,0,107,102,105,110,0,108,100,104,109
115,0,121,120,0,114,119,117,111,122,0,113,54,0,62,60,58,61,52,51,59,0,0,55,138,139,0,140,144,1,141,0,137,0,0,0,20,15,17,25,18,23,19,26,16,24,22,21,13,9,6,12,0,7,14,0,11,3,8,10,67,64,0,65,70,63,72,73,74,69,66,68,81,76,79,77,84,80,0,82,78,86,85,83,0,0,104,0,0,108,102,105,0,109,110,103,31,0,38,27,35,29,0,32,36,30,0,0,134,128,130,0,131,133,0,0,0,124,127,0,0,50,43,39,47,45,46,44,41,40,42,48,91,94,89,0,90,0,98,87,0,88,92,97
0,32,0,0,28,30,35,33,0,38,0,29,114,117,0,120,118,121,112,0,119,113,116,115,54,55,51,56,60,0,57,62,53,0,58,0,0,75,77,85,78,83,79,86,76,84,82,81,73,69,66,72,65,0,74,64,71,63,68,70,0,124,131,125,130,123,0,0,134,129,126,128,141,136,0,0,144,140,135,142,138,2,1,143,0,15,20,23,0,24,18,0,17,25,26,19,91,94,98,87,0,89,88,0,96,90,93,97,50,44,46,45,47,49,42,48,41,40,43,39,109,110,103,99,0,105,106,104,101,100,102,108,7,10,0,11,6,9,14,3,12,4,8,13
7,8,13,12,4,6,11,9,0,14,10,0,90,93,0,96,0,97,88,87,95,89,92,91,30,31,27,32,36,37,33,0,29,0,34,0,0,51,53,61,0,59,55,62,52,0,58,57,49,45,0,48,41,43,0,40,47,39,44,46,103,100,107,101,106,99,108,109,110,105,102,104,117,112,115,113,120,116,111,118,0,122,121,119,0,135,140,143,136,144,138,0,137,1,2,139,67,70,74,63,71,0,64,0,72,66,69,0,0,20,22,21,23,25,18,24,0,16,19,15,0,86,79,75,83,81,82,80,77,76,0,84,127,130,125,131,0,129,134,0,132,124,0,0
103,104,109,108,100,102,107,0,99,0,106,101,42,45,50,0,46,0,40,39,47,41,44,43,126,127,0,128,132,133,129,0,125,131,130,124,8,3,0,13,6,11,7,14,4,12,10,9,0,141,138,144,137,139,2,136,143,135,140,142,55,52,59,53,0,51,60,61,62,57,54,56,69,0,67,65,0,68,0,70,0,0,73,71,94,0,92,95,88,96,90,93,89,97,98,91,19,22,26,15,23,17,0,20,24,18,21,25,0,116,118,117,0,0,114,120,0,112,0,0,37,0,31,27,35,33,34,0,29,28,30,0,79,0,77,0,0,0,0,75,84,0,80,0
91,0,0,96,88,90,0,93,87,0,94,89,30,0,38,36,34,37,0,27,0,29,32,31,114,115,111,116,120,121,117,122,113,119,118,112,140,135,137,1,138,143,139,0,136,144,0,0,0,129,126,132,125,127,134,124,131,123,128,130,0,40,0,41,46,0,48,49,50,45,42,44,57,52,55,53,0,56,51,58,54,62,61,59,82,75,80,83,0,84,78,81,77,85,86,79,7,0,14,3,0,5,4,8,0,6,0,13,110,104,106,0,0,109,102,0,101,100,103,99,25,26,19,15,0,21,22,20,17,0,0,24,67,70,0,0,66,69,0,63,72,64,68,0
0,0,61,60,52,54,59,57,51,62,58,53,138,0,0,144,142,0,136,135,143,137,140,139,78,79,75,80,84,85,81,0,77,83,82,76,104,0,101,0,102,107,103,110,100,0,0,105,97,93,0,96,89,0,98,88,95,0,92,0,0,4,11,0,10,3,12,13,14,9,0,8,21,16,19,17,24,0,15,22,18,26,25,23,46,39,0,47,40,0,0,45,41,49,50,43,0,118,122,111,119,0,112,0,0,0,117,0,0,0,70,69,71,0,66,0,65,64,67,63,133,134,127,123,131,129,130,128,0,0,126,132,31,34,29,35,30,0,38,27,36,28,32,0
43,44,0,48,40,0,0,45,39,50,0,41,0,129,0,0,130,133,0,123,131,125,128,127,66,67,63,0,0,73,0,74,65,71,70,64,92,87,89,97,90,0,91,98,88,0,94,93,85,81,78,0,0,79,86,76,83,75,80,82,139,136,143,137,142,135,0,1,2,141,138,140,0,4,7,5,12,8,3,10,0,14,0,0,34,27,0,35,0,36,30,33,29,37,38,0,103,106,110,0,107,101,100,104,0,0,105,109,62,0,58,57,59,61,54,60,53,52,55,51,0,122,115,0,119,117,118,116,113,112,114,120,19,22,17,23,18,0,26,15,24,16,20,25
23,24,29,28,20,22,27,25,19,0,26,21,0,109,114,112,110,113,104,103,0,105,108,0,46,0,43,48,52,53,49,54,45,51,50,44,72,67,69,77,0,0,0,78,68,76,74,73,65,61,58,64,0,59,66,56,63,55,60,62,119,116,0,117,122,115,124,125,0,0,118,120,133,0,0,0,136,132,127,134,130,138,137,0,14,7,12,15,0,16,10,13,0,17,18,11,83,0,90,79,0,81,80,84,88,82,0,0,42,36,0,37,0,41,34,40,33,32,0,31,101,102,95,91,99,97,98,96,0,92,0,100,143,0,141,3,0,1,6,139,4,140,144,5
143,0,5,0,0,142,0,0,0,6,2,0,82,85,90,88,0,89,80,0,87,81,84,83,22,23,19,24,28,29,25,30,0,27,26,20,48,43,0,53,46,51,0,0,44,52,50,49,41,37,0,40,33,35,42,32,39,31,36,38,95,92,99,93,98,91,100,101,102,97,94,96,109,104,0,105,112,108,103,110,106,114,113,0,0,127,132,135,128,136,0,133,129,137,138,131,59,62,66,55,63,57,0,60,64,58,61,65,18,0,0,13,15,17,10,16,9,0,11,7,77,78,71,67,75,73,0,72,0,0,70,76,0,122,117,123,118,121,0,115,124,116,120,125
131,132,137,136,128,0,135,133,127,138,134,129,70,73,78,0,74,77,0,67,75,69,0,71,10,0,7,12,16,17,13,18,9,15,14,8,36,31,33,41,0,39,35,42,0,40,38,0,29,25,22,0,21,23,30,0,27,19,0,0,83,80,87,81,0,79,0,89,90,85,82,84,97,0,0,93,0,0,0,98,94,102,101,99,122,115,120,123,0,124,0,121,117,0,126,119,0,50,54,43,51,45,44,48,52,46,0,53,6,144,2,1,3,0,142,4,0,140,143,139,0,66,0,55,63,0,62,60,57,0,58,64,107,110,0,111,106,109,114,0,112,104,108,113
107,108,0,112,104,106,111,109,103,0,110,0,46,49,54,52,50,0,44,43,51,45,48,47,130,131,0,0,136,137,133,138,129,135,134,0,12,7,9,17,10,15,11,18,0,0,14,13,5,1,142,4,141,143,6,0,3,139,144,2,59,0,63,57,62,55,64,65,66,61,58,0,73,68,0,69,76,72,67,74,70,78,77,75,98,91,96,99,92,100,94,0,93,0,0,95,23,0,30,19,27,21,20,0,28,22,25,0,126,120,0,121,123,125,0,124,117,116,119,115,41,42,35,31,39,37,38,36,33,32,34,0,83,0,0,87,0,85,0,79,88,80,0,0
119,0,125,124,116,118,0,121,115,126,0,117,58,0,66,64,62,65,0,55,63,0,60,59,142,143,139,144,4,5,0,6,141,3,0,140,24,19,0,29,22,27,23,30,20,0,26,25,17,13,10,0,9,11,0,8,0,7,12,14,71,68,0,69,74,67,76,77,78,0,70,72,85,80,0,81,0,84,0,86,82,90,89,87,0,0,108,111,0,0,106,109,105,113,114,107,35,38,42,0,39,33,32,36,40,34,0,0,138,132,134,0,0,137,130,136,0,128,131,0,53,0,0,0,51,49,50,48,0,44,0,52,0,0,93,99,94,97,102,91,100,92,96,101
11,12,17,16,8,10,0,0,0,18,14,9,94,97,102,100,0,101,92,91,0,93,96,95,34,35,31,36,40,41,0,0,33,39,38,0,60,55,57,65,58,63,0,66,56,64,0,61,0,49,46,52,45,0,54,44,0,43,0,50,107,104,0,105,110,103,112,113,0,0,106,108,121,0,119,117,124,120,115,122,118,126,0,123,2,139,144,3,0,4,142,1,141,0,0,143,71,74,78,67,75,0,68,72,76,70,73,77,0,24,26,25,27,29,22,28,21,20,0,0,89,90,83,79,87,85,0,84,0,0,82,88,0,134,129,135,130,0,138,127,136,0,0,137
35,36,41,40,32,0,39,37,31,0,0,33,118,121,0,0,0,125,0,115,123,117,120,119,58,0,55,60,64,65,61,66,0,63,62,0,84,79,81,89,82,87,83,90,80,88,86,85,77,73,70,76,69,71,78,68,75,67,72,0,131,0,0,0,0,127,136,137,138,133,0,132,1,140,143,141,4,144,0,2,142,6,5,0,26,19,0,27,20,28,22,25,0,29,30,23,95,98,102,91,0,0,92,96,100,94,97,101,54,0,50,49,51,0,0,52,45,44,47,0,113,114,0,103,0,109,110,108,0,0,106,112,0,14,9,15,10,13,18,0,16,0,12,17
83,84,89,88,0,82,87,85,79,90,86,81,22,0,0,28,26,29,20,19,27,21,24,0,106,107,103,108,0,0,109,114,105,0,0,104,132,127,129,0,130,135,131,138,128,136,0,133,0,121,118,124,117,119,0,116,123,115,120,122,35,32,39,33,38,31,40,41,42,37,34,36,0,44,0,45,0,48,0,50,0,0,53,51,74,67,0,75,68,76,70,73,0,0,0,71,143,2,6,0,3,141,0,144,4,142,1,5,102,0,98,0,99,101,94,100,93,0,95,91,17,0,0,7,15,13,14,12,9,8,10,16,59,0,0,0,58,61,66,55,64,56,60,65
95,96,101,100,0,0,99,97,91,0,98,93,34,37,42,40,38,0,32,31,0,33,36,0,118,119,115,120,124,0,121,126,0,123,122,116,0,139,141,5,142,0,143,6,140,4,2,1,137,133,130,136,129,0,138,0,135,127,0,134,47,0,0,45,50,0,0,0,0,49,46,48,61,56,59,57,64,60,55,62,58,66,65,0,0,79,84,87,80,88,82,85,81,89,90,83,11,14,18,7,0,0,8,0,16,10,13,17,114,108,110,0,111,113,106,112,105,0,0,103,29,30,23,19,27,25,26,24,21,0,22,0,71,74,69,75,0,73,78,67,0,68,0,77
47,48,0,52,44,46,51,49,43,54,0,45,130,0,138,136,0,137,128,127,135,129,132,131,0,71,67,72,0,0,73,78,69,75,74,68,96,91,93,101,94,99,0,102,0,100,0,97,0,85,82,88,81,83,90,80,87,79,0,86,143,140,0,141,2,139,0,5,6,1,142,144,0,8,11,9,16,12,7,14,10,18,17,15,0,31,36,0,32,40,34,0,33,41,42,35,0,110,114,103,0,105,104,0,0,106,109,113,66,60,62,61,63,65,58,64,57,56,59,0,125,126,119,0,123,0,122,120,117,0,118,0,23,0,21,27,22,0,0,19,28,20,0,29
71,72,77,0,68,70,75,73,67,0,74,69,10,0,18,16,14,17,8,7,15,9,0,11,94,95,91,96,100,101,97,0,0,99,98,0,120,115,0,125,118,123,0,126,116,124,0,121,113,109,106,112,105,107,0,104,111,103,0,110,23,20,27,21,26,19,28,29,30,25,22,24,37,32,35,0,40,36,31,38,0,42,0,39,0,55,60,0,56,64,58,61,57,65,66,59,131,134,138,0,135,129,128,132,136,130,133,137,90,0,86,85,87,89,0,0,81,0,83,79,5,6,0,139,3,0,2,144,0,0,142,4,47,0,45,51,46,49,54,0,52,44,48,0
59,60,65,0,56,58,63,61,55,0,62,57,0,0,6,4,2,0,140,0,3,0,144,143,82,83,79,84,88,89,85,90,81,87,86,80,108,103,105,113,106,111,107,114,104,0,110,109,101,97,94,100,93,95,102,0,99,91,96,98,11,8,15,0,14,7,0,17,0,13,10,12,25,20,23,21,28,24,0,26,22,0,0,27,50,43,48,0,0,52,46,49,45,53,54,47,119,122,126,115,123,117,116,120,124,118,121,125,78,0,74,0,75,0,70,76,0,68,71,67,137,138,131,127,135,133,134,132,129,128,130,0,35,38,33,39,34,37,0,31,40,32,36,41
84,85,90,89,81,0,0,86,80,91,87,82,0,26,0,0,27,30,21,20,28,22,0,24,107,0,0,109,113,114,110,115,0,112,111,0,133,0,130,0,131,136,132,139,129,137,135,0,0,122,119,125,118,120,127,117,124,116,0,123,36,33,40,0,0,32,41,42,43,38,35,37,50,0,48,46,53,0,44,51,47,0,54,52,75,68,0,76,69,77,0,74,0,78,79,72,144,3,7,140,4,142,0,1,5,143,0,6,0,97,99,98,100,102,95,101,94,0,96,92,18,0,12,8,16,14,15,0,10,9,0,17,60,63,58,64,59,62,67,0,65,57,0,66
72,73,0,0,69,71,76,74,68,79,75,0,11,0,19,17,0,18,9,8,0,10,13,12,95,96,0,97,0,102,98,0,94,100,99,93,0,116,118,0,119,124,120,127,117,125,123,122,114,110,107,113,106,108,115,105,112,104,109,111,24,21,28,22,27,0,29,30,0,26,23,0,38,33,36,34,0,37,0,0,35,43,42,40,63,56,61,64,57,0,0,0,0,66,67,60,132,135,139,128,136,130,129,133,137,131,134,138,91,85,87,86,88,0,83,89,0,81,0,80,6,7,0,0,4,2,3,1,142,141,143,5,0,0,46,0,47,50,55,44,53,45,49,54
60,61,66,65,57,59,64,62,56,67,63,58,143,2,7,0,3,0,141,0,0,142,1,144,83,0,80,85,89,90,86,91,0,88,87,81,109,104,106,114,107,112,0,115,0,0,111,110,102,98,95,0,94,96,103,0,100,92,97,99,12,9,16,10,15,8,0,18,19,14,0,13,0,0,24,22,29,25,20,27,23,0,30,28,0,44,49,52,0,0,47,0,46,54,0,48,120,123,127,116,124,118,117,121,125,119,0,0,79,73,75,74,0,78,71,77,70,69,72,0,138,139,132,128,136,134,135,133,130,0,131,137,0,39,34,40,0,38,43,32,41,33,37,0
48,49,54,53,45,47,52,50,0,55,0,0,131,134,0,137,135,138,129,128,136,130,133,132,71,72,68,73,77,0,74,79,70,0,75,69,97,92,94,102,0,100,96,103,93,101,0,98,0,86,0,89,82,84,91,81,88,0,85,87,144,141,4,142,0,140,5,0,7,2,143,1,14,0,12,10,0,13,8,0,11,19,18,16,39,32,37,40,33,41,35,38,34,42,43,0,108,111,115,104,112,106,105,0,113,0,0,114,0,61,63,62,64,66,59,65,58,57,0,0,0,0,0,116,0,122,123,121,118,117,119,0,24,27,22,28,23,26,0,20,0,21,25,30
36,37,42,41,33,0,40,38,32,43,39,34,119,122,127,125,123,126,117,116,124,118,121,120,59,60,56,0,65,66,62,0,0,0,63,57,0,80,82,90,83,88,84,0,81,0,0,0,78,0,71,77,70,72,79,69,0,68,0,0,132,129,136,130,135,0,137,138,139,0,131,133,0,0,144,142,5,1,140,3,0,0,0,4,27,20,25,28,21,29,23,26,22,30,31,0,96,99,103,92,100,94,93,97,0,95,98,102,0,0,51,50,52,54,47,53,46,45,48,44,114,115,108,104,112,110,111,0,106,0,0,113,12,15,10,16,11,14,19,8,0,0,13,18
24,0,30,29,21,23,0,26,0,31,27,22,107,110,115,113,111,0,105,104,112,0,109,108,0,0,44,49,53,0,50,55,0,0,51,45,73,68,0,78,71,0,72,79,69,77,75,74,66,62,59,65,58,60,67,0,64,56,61,63,120,117,0,118,123,0,125,0,127,122,119,121,134,129,132,130,137,133,0,135,131,139,138,0,0,8,13,0,9,0,11,14,10,18,19,12,84,87,0,80,88,82,81,85,89,0,86,90,43,37,0,38,40,0,0,41,0,33,36,0,0,103,96,92,100,98,0,97,94,93,95,101,144,3,142,4,143,2,7,140,5,141,1,6
0,13,18,0,9,0,16,14,0,19,15,10,95,98,103,101,99,102,93,92,100,0,97,96,35,36,32,37,41,42,38,43,34,40,39,33,61,56,0,66,0,64,60,67,0,0,0,62,54,0,47,53,46,48,55,45,52,44,49,0,108,105,112,106,111,104,113,0,0,110,0,109,122,0,0,118,125,0,0,123,119,127,0,124,3,140,0,4,141,5,143,0,142,0,7,144,72,75,0,68,76,70,69,73,77,0,74,78,31,25,27,26,28,0,23,29,22,21,0,20,90,0,0,80,88,86,87,85,82,81,83,89,132,135,130,0,131,134,0,128,0,129,133,0
144,1,0,5,141,0,4,2,140,7,3,0,0,86,0,89,87,90,81,80,88,0,85,84,0,0,20,25,0,30,26,0,0,28,0,21,49,44,46,54,47,52,0,55,0,0,0,50,42,38,0,41,0,36,43,33,40,32,37,39,96,93,100,94,99,92,101,102,103,98,0,97,110,105,108,106,113,109,0,111,107,115,114,0,135,128,133,136,129,0,0,0,0,138,139,132,60,63,0,56,64,58,57,0,65,59,62,66,19,13,15,0,16,18,11,17,10,0,12,8,0,79,72,68,76,74,75,73,0,69,71,77,0,0,118,124,119,122,127,116,125,117,121,126
132,133,0,137,129,131,136,134,128,139,135,130,71,0,79,77,0,0,69,68,76,70,73,72,11,0,8,13,17,18,14,19,10,16,0,9,37,32,34,42,35,40,0,43,33,41,0,0,30,26,23,29,22,24,31,21,28,0,0,27,0,81,88,82,0,0,89,90,0,0,0,0,0,93,0,94,101,97,92,99,95,103,102,100,0,0,121,124,0,125,119,122,0,0,127,120,48,51,55,0,52,46,45,49,53,47,0,54,7,1,0,2,4,6,0,5,142,141,0,140,66,67,60,56,64,62,63,0,58,57,0,65,108,111,106,112,107,110,115,104,113,105,0,114
120,121,126,125,117,119,124,122,0,127,123,118,0,62,67,65,63,66,57,0,64,58,61,0,143,144,140,0,5,6,2,7,142,4,3,141,25,20,0,30,23,28,24,31,21,29,27,26,18,14,0,0,10,12,19,9,16,8,13,15,72,69,0,70,75,0,77,0,79,0,71,73,86,81,84,0,89,0,80,87,83,91,90,0,0,104,0,0,105,113,107,110,0,114,0,108,36,39,43,32,0,34,33,37,41,35,0,42,139,0,0,134,136,0,0,0,0,129,132,0,0,55,0,0,52,50,51,49,0,45,47,53,96,99,94,100,0,98,0,92,101,0,97,102
108,0,114,113,0,0,112,110,104,115,111,106,47,50,55,53,51,54,45,44,52,46,49,48,131,132,0,133,137,138,134,139,130,136,0,129,13,8,10,18,11,16,12,19,9,0,15,0,6,2,0,0,142,144,7,141,4,140,1,3,60,57,64,58,0,0,65,66,67,62,59,0,74,69,0,70,77,73,68,75,71,79,78,0,99,92,97,100,0,101,95,0,0,102,0,96,24,27,31,0,28,22,21,0,0,0,26,30,127,0,123,122,124,126,119,125,118,117,120,116,0,0,36,32,40,0,39,37,34,33,35,41,0,0,82,88,83,86,91,80,89,81,0,90
96,0,102,101,93,0,100,98,92,103,99,94,35,0,43,41,39,42,33,32,40,34,37,0,0,0,116,121,125,126,0,0,0,124,123,117,1,140,142,6,143,4,144,7,141,5,0,2,138,0,131,137,130,0,139,129,136,128,133,135,48,45,52,46,51,44,53,0,55,50,47,49,62,57,60,58,0,61,56,63,59,0,66,64,87,0,0,88,81,89,83,0,82,90,91,84,12,15,19,0,16,10,9,0,17,11,14,18,115,0,111,110,112,114,0,113,106,0,0,104,0,31,24,20,28,26,27,25,22,21,0,29,72,75,0,76,0,0,0,68,77,69,0,78
134,135,0,0,131,133,138,136,0,141,137,132,73,0,81,0,0,80,71,70,78,72,75,74,13,0,10,15,19,20,16,0,12,18,17,11,0,0,36,44,37,42,38,45,35,0,41,0,0,28,25,31,24,26,33,23,30,22,27,29,86,83,90,84,89,82,91,0,93,88,85,87,0,0,98,0,103,99,0,101,97,105,104,102,125,118,123,0,119,0,121,124,120,128,0,0,50,53,57,46,54,48,47,51,0,49,0,56,9,0,0,4,6,8,1,7,144,143,2,142,68,69,62,58,66,64,65,63,60,59,61,67,110,113,108,114,0,112,117,106,115,107,111,0
86,87,92,91,0,85,90,88,82,93,89,84,25,28,0,0,29,32,23,22,30,24,27,0,0,110,106,111,115,116,112,117,108,114,113,0,135,130,132,140,133,138,134,141,131,139,137,136,128,124,121,127,120,122,129,119,0,118,123,125,0,35,42,36,41,0,43,44,0,40,37,39,52,47,0,48,55,51,46,53,0,57,56,0,77,70,0,78,71,79,73,76,0,80,81,74,2,5,9,142,6,144,143,3,7,1,4,8,105,99,101,100,102,104,97,0,96,0,98,94,20,21,0,10,18,0,17,15,0,11,13,19,0,0,60,66,61,64,69,0,67,0,63,68
62,63,68,67,59,61,66,64,0,69,65,0,1,4,0,7,5,8,0,142,6,144,3,2,85,86,0,0,91,92,88,93,84,90,0,83,111,106,0,116,109,114,110,0,107,115,0,0,104,100,97,103,96,98,105,0,102,94,99,101,14,11,18,0,17,10,0,20,0,16,13,15,28,23,26,24,31,27,22,29,25,0,0,30,53,46,0,54,47,55,49,52,0,0,57,50,122,125,0,118,126,0,119,123,127,121,124,128,81,0,0,76,78,80,73,79,72,71,74,70,140,141,134,130,0,136,0,135,132,131,0,139,38,41,36,42,37,40,0,34,43,35,0,44
110,111,116,115,107,109,0,112,106,0,113,108,49,52,57,55,53,56,47,46,54,48,51,0,133,134,130,135,139,0,136,0,132,0,137,131,15,10,12,0,0,0,0,21,0,0,17,16,0,4,1,7,144,0,9,143,0,142,0,5,62,0,66,60,65,0,67,0,69,0,61,63,76,71,74,72,79,75,0,77,73,0,80,78,101,94,99,102,95,103,97,100,96,0,0,98,26,29,33,0,30,24,23,27,0,0,28,32,129,0,125,0,126,128,121,127,120,119,122,0,44,45,38,0,42,40,41,39,36,35,37,0,86,89,84,90,85,88,93,82,91,83,0,92
122,123,128,127,119,121,126,124,118,129,125,120,61,64,69,67,65,68,0,0,66,60,63,62,1,2,142,3,7,0,0,0,144,6,5,0,27,22,24,32,25,30,26,33,23,0,29,28,20,16,0,19,0,14,21,11,18,10,15,17,74,71,78,72,77,0,79,80,81,76,73,75,0,83,0,84,91,0,82,0,85,93,0,0,113,106,111,114,107,0,0,112,108,0,117,0,38,41,45,34,0,36,0,39,43,37,40,44,141,135,137,136,138,140,133,139,132,131,134,130,0,57,50,46,54,0,0,0,48,0,49,55,98,101,96,102,97,100,105,0,0,95,99,104
0,39,44,43,35,0,42,40,0,0,41,36,121,124,129,127,125,128,119,118,0,0,123,122,61,62,58,0,67,68,64,69,60,66,65,59,87,82,84,92,85,90,86,0,83,91,0,88,80,76,73,0,72,74,81,71,78,70,75,77,0,131,138,132,137,130,0,140,141,136,133,135,4,143,2,144,7,3,142,0,1,9,8,6,29,22,27,30,23,0,25,28,0,32,0,26,0,101,105,94,102,96,0,99,103,97,100,104,0,0,53,0,54,56,49,0,48,47,0,46,0,117,110,106,0,112,113,111,0,107,0,115,14,0,12,18,0,16,21,10,19,0,0,20
74,75,80,79,71,73,0,76,70,81,77,72,13,16,21,19,17,20,11,10,18,12,15,14,97,98,94,99,103,0,100,105,0,0,101,95,123,118,120,128,0,126,122,129,119,127,125,124,116,112,0,0,0,110,117,0,0,106,111,113,26,0,0,24,29,22,31,32,33,0,25,27,40,35,38,36,43,39,0,41,0,45,44,42,0,0,0,66,59,0,61,0,60,0,69,62,134,0,141,130,0,132,0,135,139,133,136,140,93,87,89,88,90,92,0,0,84,83,0,82,8,0,2,142,6,4,5,3,0,143,0,7,0,53,0,54,49,52,57,0,55,47,0,0
98,99,104,0,95,97,102,100,94,105,101,0,37,40,45,0,41,0,0,34,42,36,39,38,121,122,0,123,127,128,124,129,0,126,125,119,3,142,0,0,1,6,2,9,143,7,5,4,140,136,0,139,132,134,141,0,138,130,135,137,50,0,54,48,53,46,55,56,57,52,49,51,0,59,62,0,67,63,58,65,61,0,68,0,0,82,0,90,83,91,85,88,84,92,93,86,14,0,21,10,18,12,11,15,19,13,0,20,117,111,113,112,0,116,109,115,108,107,110,106,32,0,26,22,0,28,0,27,24,23,25,0,74,0,0,78,73,76,81,70,79,0,75,80
2,0,8,7,143,1,6,4,142,9,5,144,85,88,93,0,89,92,83,82,90,84,87,86,25,0,22,27,0,32,28,33,0,30,29,0,51,46,48,56,0,54,50,57,47,55,53,0,44,40,37,43,0,38,45,35,42,34,0,0,98,95,102,96,0,94,103,104,0,100,97,99,112,0,110,108,0,111,106,0,109,0,116,114,137,130,0,138,131,0,133,136,132,140,141,134,0,65,69,58,66,60,59,63,67,0,64,68,21,15,17,16,18,20,13,0,12,11,0,10,80,81,74,0,78,76,0,75,72,71,73,79,122,0,120,126,121,124,129,118,0,119,123,128
26,27,0,31,23,25,0,0,22,33,29,24,109,112,0,115,113,116,107,0,114,0,111,110,49,50,46,51,55,56,52,57,0,54,53,47,75,70,0,80,0,78,74,81,71,79,77,76,68,64,0,67,60,62,0,0,0,0,0,65,122,0,126,0,125,118,0,128,129,124,121,123,0,0,0,132,139,135,0,0,133,141,0,138,17,10,15,18,11,19,13,16,12,0,21,14,86,89,93,0,90,84,83,87,0,85,88,92,45,39,41,40,42,44,0,0,0,35,38,34,104,0,98,94,102,100,101,99,0,0,0,103,2,5,144,0,0,4,9,142,7,143,3,0
14,15,20,19,11,13,18,16,0,21,17,12,97,100,105,103,101,104,95,94,102,96,99,98,37,0,34,0,0,44,40,45,36,0,0,0,63,58,60,68,61,66,62,0,59,67,65,64,56,52,49,55,48,50,57,47,54,46,51,53,110,107,114,108,113,106,0,116,117,112,109,111,0,119,122,120,127,123,118,125,121,129,128,126,5,142,3,6,0,7,1,4,144,8,9,0,74,0,81,0,78,72,0,0,79,0,76,80,33,27,29,28,30,32,25,31,24,23,0,22,92,93,0,0,90,0,89,87,84,83,0,0,0,137,0,138,133,136,141,0,139,131,135,140
50,0,56,55,47,49,54,0,46,0,53,48,133,136,0,139,137,140,131,130,138,132,135,0,73,74,0,75,79,80,76,81,72,78,77,71,0,0,96,104,97,0,0,0,95,103,101,100,92,88,85,0,84,0,93,83,0,82,87,0,0,143,6,144,5,142,7,8,9,4,1,3,16,11,14,12,19,15,10,17,13,21,20,18,41,0,0,42,35,43,37,40,36,0,45,38,110,0,117,106,114,108,107,0,0,109,112,116,69,63,65,64,66,0,61,67,60,0,62,0,128,129,0,118,126,124,0,123,120,119,121,127,26,29,24,30,25,28,33,0,0,0,27,32
0,0,139,0,130,132,137,135,129,0,136,0,72,75,80,0,76,79,0,69,77,71,0,0,12,13,0,14,18,19,15,20,11,17,16,10,0,33,35,43,36,41,37,44,34,42,0,39,31,27,0,30,23,25,0,22,29,0,26,28,85,82,89,83,88,81,90,91,92,87,84,86,99,94,97,95,0,98,93,100,96,104,0,101,0,117,122,0,118,126,120,123,119,127,128,121,49,52,56,45,53,47,46,50,54,0,51,55,0,0,4,0,5,7,0,6,143,142,1,141,0,68,61,57,0,63,64,62,59,58,60,66,109,0,0,113,108,111,116,105,114,106,110,115
85,86,91,0,82,84,0,87,81,92,88,83,24,27,0,30,28,31,22,21,0,23,26,25,108,0,105,110,0,115,111,116,107,113,112,106,134,0,131,0,132,137,133,140,130,138,0,135,127,0,120,126,119,121,128,118,125,117,122,0,37,0,41,0,40,0,42,43,44,39,36,38,51,46,49,47,54,50,0,52,48,56,55,53,76,0,74,77,70,78,72,75,71,79,80,73,1,4,0,141,5,143,142,2,0,144,3,7,104,98,100,99,101,103,0,102,95,94,97,0,0,20,13,0,17,15,0,14,11,0,12,18,61,64,59,0,0,63,68,57,66,58,62,67
121,122,127,126,118,120,125,123,117,128,124,119,0,63,0,66,0,0,58,57,0,59,62,0,0,0,141,2,6,7,3,8,0,5,4,142,26,21,0,31,24,29,25,32,22,30,28,27,19,15,0,18,11,13,0,10,17,9,14,0,73,70,77,71,0,69,78,79,0,75,0,74,87,0,85,83,90,86,81,0,84,0,91,89,112,0,110,113,106,114,108,0,107,0,116,109,37,0,44,33,41,35,34,38,42,36,39,43,140,134,0,135,137,139,132,138,131,0,133,0,55,0,49,45,53,51,52,50,47,0,48,54,0,0,95,101,96,99,104,93,102,94,0,103
97,0,103,102,0,96,101,99,93,0,0,0,0,39,44,42,40,0,34,33,41,35,0,37,0,121,117,122,126,127,123,128,119,125,124,118,2,141,143,0,144,0,1,8,142,6,0,3,0,135,0,138,131,133,140,130,137,129,134,0,49,46,53,47,0,0,54,0,56,51,48,50,63,58,0,59,66,62,57,64,60,68,67,0,88,81,86,89,82,90,84,87,83,0,0,85,13,16,20,0,0,11,0,14,18,12,0,19,116,110,112,111,113,0,108,114,107,0,0,105,31,32,25,21,29,27,28,0,23,22,24,30,0,76,71,77,72,0,80,69,78,70,0,79
0,2,7,6,142,144,5,3,141,8,4,0,84,87,0,90,88,91,0,0,89,83,86,85,24,0,21,26,0,31,0,0,0,29,28,0,50,45,47,55,48,0,49,56,46,54,52,51,43,0,36,42,35,37,44,34,0,33,38,40,97,94,101,95,100,93,0,103,104,99,96,98,0,106,109,0,0,110,105,112,108,116,115,0,0,129,134,137,130,138,132,0,131,139,140,0,61,64,68,57,65,0,58,62,66,60,0,67,20,14,16,15,17,0,12,18,11,10,13,9,79,80,0,69,77,75,76,74,71,0,72,0,0,124,0,125,120,123,128,117,126,118,0,127
0,110,115,114,106,0,0,0,0,0,0,0,48,51,56,54,52,55,46,45,53,47,50,49,132,133,129,134,0,139,135,140,131,0,136,130,14,0,11,19,12,0,0,20,10,18,0,0,0,3,144,6,143,0,8,142,0,141,2,4,61,0,65,0,0,57,66,67,68,63,60,62,75,0,73,71,78,0,69,76,72,80,0,77,100,0,98,101,94,0,96,0,95,103,104,0,25,28,32,0,29,23,22,26,30,24,27,31,128,122,124,0,0,127,0,126,119,118,121,117,0,44,37,33,41,39,40,38,35,34,36,42,85,88,83,89,0,87,0,0,90,82,86,91
13,14,19,0,10,12,17,15,9,20,16,0,96,99,104,102,100,103,94,93,101,95,98,97,36,37,0,38,42,43,0,44,35,0,40,34,0,57,59,67,60,65,61,0,58,66,64,63,55,0,48,54,47,49,56,0,53,45,50,52,0,106,113,0,112,105,114,115,116,111,108,110,123,0,121,119,126,0,0,124,120,128,127,125,4,0,2,5,142,6,144,3,0,7,8,1,73,76,80,69,77,71,70,74,0,72,75,79,0,0,28,27,29,31,0,30,23,0,25,21,0,0,85,81,89,87,88,0,83,82,84,90,133,136,0,137,132,0,140,0,138,130,134,139
61,62,0,0,0,60,65,63,57,68,64,59,144,3,8,6,4,7,142,0,5,143,0,1,84,0,81,86,0,91,0,92,83,0,88,0,110,105,107,115,108,113,0,116,0,114,112,111,103,99,96,102,0,0,0,94,101,93,98,100,13,10,17,11,0,9,18,19,0,15,12,14,27,22,25,23,30,0,21,28,24,0,31,29,52,45,50,53,46,54,48,51,47,55,56,49,121,0,0,117,125,119,118,122,126,120,123,127,80,0,76,75,77,79,72,78,71,70,73,0,139,140,0,129,137,135,0,134,131,130,132,138,37,40,35,0,36,39,44,0,42,0,38,43
49,50,55,54,0,0,53,51,45,56,52,47,132,135,140,138,136,0,130,129,0,131,134,133,72,73,0,0,78,79,75,0,71,77,76,70,98,93,95,0,0,101,97,104,94,102,100,99,0,87,0,90,83,0,0,82,89,0,86,88,1,0,5,143,4,141,6,7,8,3,144,2,0,0,13,0,18,14,0,16,12,20,19,17,40,33,38,0,34,42,36,39,35,43,0,37,109,112,116,105,113,0,106,0,114,0,0,115,68,62,64,0,65,67,60,0,0,0,0,57,127,128,121,0,0,123,124,122,119,118,0,126,25,0,23,29,24,27,32,21,30,0,26,0
37,38,43,0,0,36,41,39,0,44,0,35,120,123,128,126,124,127,118,117,0,119,122,121,60,61,57,62,66,67,0,68,59,65,64,58,86,81,83,0,84,89,0,92,82,0,0,87,79,75,72,78,71,73,80,70,77,0,74,76,0,0,137,131,136,129,138,139,140,135,132,0,3,142,1,143,6,2,141,4,144,8,7,0,28,21,0,29,22,0,24,27,23,31,32,25,97,100,0,93,101,0,0,98,0,96,99,103,56,50,52,51,0,0,48,54,47,46,0,0,115,116,109,105,0,111,112,110,107,106,108,114,13,16,11,17,12,15,20,9,0,0,0,19
25,26,31,30,22,24,29,27,21,32,28,0,108,111,0,114,0,115,106,0,113,107,0,109,48,49,0,50,54,55,51,56,47,53,0,46,74,69,71,79,72,77,73,0,70,0,76,75,67,0,60,66,59,61,68,58,65,57,62,64,0,118,125,119,0,117,126,127,128,123,120,122,135,0,0,131,138,134,129,0,132,140,139,137,16,0,14,0,10,18,12,0,11,0,20,0,85,88,92,81,89,83,0,86,90,0,87,91,44,38,40,39,41,43,36,42,0,34,0,33,103,104,97,93,101,99,100,98,95,94,96,0,1,0,143,5,144,3,8,141,6,142,2,7
73,74,0,78,0,72,77,0,69,80,0,71,12,15,20,18,16,0,10,9,17,11,14,13,96,97,93,0,102,103,99,104,95,101,100,94,0,117,119,0,120,125,0,0,118,126,124,123,115,111,108,114,107,109,0,106,0,0,110,112,25,22,0,0,28,0,30,31,32,27,24,26,39,34,37,35,0,38,0,40,36,0,43,41,0,57,0,65,58,66,60,63,59,67,0,0,133,136,140,129,137,131,130,134,0,132,0,139,92,86,88,87,89,91,84,90,0,0,85,81,0,8,1,0,5,3,4,2,143,0,144,6,49,52,0,53,0,51,0,45,54,46,50,55
10,11,16,0,7,9,14,0,6,17,0,8,93,96,101,99,97,100,0,0,98,0,95,94,33,34,30,0,39,40,36,41,32,38,37,31,59,0,56,64,57,62,58,0,55,63,61,60,52,0,45,51,0,0,53,43,50,42,47,49,106,103,110,0,0,0,111,112,113,108,0,107,120,0,118,0,123,119,114,121,0,125,124,122,1,138,143,2,139,3,141,0,140,4,5,142,70,0,77,66,74,68,0,71,75,69,72,0,29,0,25,24,26,28,21,27,0,19,22,18,88,89,82,78,86,0,85,83,0,79,81,87,130,133,128,134,129,132,137,126,135,127,0,136
70,71,76,75,0,69,74,0,66,77,73,68,0,12,17,0,13,16,7,0,14,0,11,10,93,0,90,95,0,100,96,101,92,98,97,91,119,114,116,124,117,122,118,125,115,123,121,120,112,0,105,111,104,106,0,103,110,0,107,109,22,19,0,20,25,18,27,28,29,24,21,23,36,0,34,32,0,35,30,37,0,41,40,38,0,54,59,0,55,63,57,0,56,64,65,58,130,133,137,126,0,128,0,131,135,0,132,136,89,83,85,84,0,88,81,87,80,79,82,78,0,0,0,138,2,0,0,143,140,139,141,0,46,0,44,50,45,0,53,42,51,43,47,52
22,0,28,0,19,21,26,24,18,29,25,20,105,108,113,111,109,112,103,102,110,104,0,106,0,46,42,47,51,52,0,53,44,50,49,43,71,66,68,76,69,74,70,77,67,75,0,72,64,60,57,63,56,58,65,55,62,0,59,61,118,115,122,116,121,0,123,124,125,0,117,0,132,127,130,128,135,131,126,0,129,137,136,134,13,6,11,0,0,15,9,0,8,16,0,10,82,85,89,78,86,80,79,83,87,81,0,88,0,35,37,0,38,40,33,0,32,0,0,30,100,0,94,0,98,96,97,95,92,0,0,0,0,0,140,2,0,144,5,138,3,139,0,4
58,0,64,63,55,57,62,60,0,65,61,56,141,144,5,3,0,0,139,138,0,0,143,142,81,0,78,83,87,88,84,0,80,86,85,79,0,102,104,112,105,0,106,113,0,111,109,108,0,96,93,99,92,94,0,91,0,90,95,0,0,0,0,8,13,0,15,16,17,12,9,11,24,19,22,20,27,23,18,25,21,29,0,26,49,42,47,0,43,51,0,48,44,52,53,46,118,121,0,114,122,116,115,119,123,117,120,124,77,71,73,72,74,76,0,75,0,67,70,66,136,137,0,126,134,132,133,131,128,127,129,0,34,0,32,38,33,36,41,0,39,31,0,40
0,83,0,87,79,81,0,84,78,0,85,80,21,24,29,27,0,28,19,18,26,0,23,22,0,106,102,107,111,112,108,113,104,0,0,0,131,126,128,136,129,134,130,0,127,135,133,132,124,120,0,123,116,0,125,115,122,114,119,121,0,31,38,32,37,30,39,40,41,36,0,35,48,43,46,0,51,47,42,49,45,53,52,50,0,66,71,74,67,75,69,0,68,76,77,70,142,1,0,0,2,0,139,143,3,0,144,0,101,95,97,96,98,100,93,99,92,0,0,0,0,17,0,6,14,12,13,11,8,7,9,15,0,61,56,62,57,60,65,0,63,55,59,64
0,131,136,135,127,129,134,132,0,137,133,128,69,72,77,0,0,0,67,66,0,68,71,70,9,10,0,11,15,16,12,0,8,0,13,7,35,0,32,40,0,0,0,41,0,39,37,36,0,24,21,27,20,22,29,19,26,18,23,25,82,79,86,80,85,78,0,88,89,84,81,0,96,91,94,92,99,95,90,97,93,101,100,0,121,0,119,122,115,123,0,120,116,124,125,118,46,49,0,42,50,44,43,47,51,0,48,52,5,0,1,0,2,4,141,3,140,139,142,138,0,65,58,54,62,0,61,59,0,55,57,63,0,109,0,110,105,108,113,102,111,0,107,0
142,143,4,3,139,0,0,144,138,5,0,140,81,84,89,87,0,88,0,78,86,80,83,82,21,22,0,23,27,28,0,29,20,26,25,0,0,42,44,0,45,50,46,0,43,51,0,48,0,36,33,0,32,34,41,31,0,30,35,0,94,91,98,0,97,90,99,100,101,96,93,0,108,0,106,104,111,107,0,0,105,113,112,0,133,126,131,134,127,135,0,132,128,0,137,130,0,0,0,54,62,56,55,59,63,57,60,0,17,11,13,12,0,16,9,15,8,7,10,6,76,77,0,66,74,0,73,71,68,67,69,75,118,0,116,122,117,120,125,114,123,115,119,124
106,107,112,111,103,105,110,108,102,113,0,104,45,48,0,51,0,52,43,42,50,44,47,46,0,130,126,131,135,136,0,137,128,134,133,127,11,6,8,0,9,14,10,17,7,15,13,12,4,144,141,3,0,142,0,139,2,138,143,1,58,0,0,0,61,54,63,64,0,60,57,59,72,0,70,0,75,0,66,73,69,77,76,74,97,0,95,98,91,99,93,96,92,100,101,94,22,25,0,0,26,20,19,23,27,21,24,28,125,119,121,120,122,0,117,123,116,0,118,114,40,0,34,30,38,36,37,35,0,31,0,39,82,85,80,86,0,84,0,0,87,79,83,88
34,35,0,39,0,33,38,36,30,0,37,32,117,120,125,123,121,124,115,0,0,0,119,118,57,58,54,59,63,64,0,65,56,62,61,55,83,78,80,88,81,86,82,89,0,87,85,84,76,72,69,75,68,70,0,67,74,66,71,73,130,127,134,0,133,126,135,0,137,132,129,0,0,139,142,140,3,0,138,1,141,5,4,0,0,18,0,26,19,0,0,24,20,28,29,0,94,0,101,90,98,0,91,95,0,0,0,0,53,47,49,0,50,52,45,51,44,0,46,42,112,113,106,102,110,108,109,0,0,103,105,111,10,13,8,14,9,12,17,6,15,0,11,16
94,95,100,99,91,93,98,0,90,0,97,92,0,0,41,39,37,40,31,0,0,32,35,34,117,118,114,119,123,124,120,125,116,122,121,115,0,138,140,4,141,0,142,0,139,3,1,144,136,132,0,135,128,130,0,127,134,0,131,133,46,43,50,0,49,0,51,52,53,0,45,47,60,55,58,56,63,59,54,61,57,65,64,0,85,78,83,86,79,87,81,84,80,88,89,82,10,13,17,0,0,8,7,11,15,9,12,16,113,107,109,108,110,112,105,111,104,0,0,102,28,29,22,18,26,24,0,0,20,19,21,27,70,73,68,74,69,72,0,66,75,67,0,76
118,0,124,123,115,117,122,120,114,125,121,116,57,60,65,63,61,64,55,0,62,0,59,58,141,0,138,143,3,4,144,0,140,2,1,139,23,18,20,0,21,0,22,0,19,27,25,24,16,12,9,0,8,10,17,7,14,6,11,13,70,67,74,0,73,66,0,76,77,72,69,71,84,79,82,80,87,0,78,85,81,89,88,86,0,0,107,0,103,0,105,108,0,0,113,106,34,0,41,30,38,32,0,35,39,33,36,0,137,131,133,132,134,136,0,135,0,127,130,126,0,53,46,42,0,48,0,47,0,43,0,51,94,97,92,98,93,0,101,90,99,91,95,100
46,0,52,51,43,45,50,0,42,53,49,0,129,0,0,135,133,136,0,126,134,128,131,0,0,70,66,71,0,76,72,77,68,0,73,67,95,0,92,100,93,98,94,101,0,99,97,96,0,84,81,87,80,82,0,0,0,0,83,85,142,0,0,140,1,138,3,0,5,144,141,143,12,0,10,8,15,11,6,13,9,17,0,14,37,30,0,38,31,39,33,36,32,40,41,34,106,109,0,102,110,104,103,107,111,105,108,112,0,59,61,60,62,64,57,63,56,55,58,54,124,125,118,114,122,120,121,119,116,115,117,0,22,25,20,26,21,24,0,18,0,19,23,28
78,79,84,83,75,0,0,80,74,85,81,76,17,20,25,23,21,24,15,14,22,16,19,18,101,102,98,103,107,108,104,109,100,106,105,99,127,0,0,0,0,0,126,133,123,131,129,0,120,116,113,119,112,114,121,111,118,110,115,0,30,27,34,28,33,26,35,0,37,32,0,31,44,39,42,40,47,43,38,45,41,0,48,0,69,62,67,70,63,71,65,68,64,0,0,66,138,141,1,134,142,0,0,139,143,137,0,144,0,91,93,92,94,96,0,95,88,0,90,86,0,13,6,0,10,8,9,7,4,3,5,0,54,57,0,0,0,56,61,50,0,51,55,0
66,67,0,71,63,65,70,68,62,73,69,64,0,0,0,0,9,12,3,2,10,0,7,6,89,0,86,91,95,96,92,97,88,0,93,87,0,0,0,120,113,118,114,121,0,0,0,116,108,104,0,0,100,102,0,99,106,98,103,105,18,0,0,16,21,14,0,24,25,20,17,19,32,27,30,28,35,31,26,33,29,0,36,34,57,50,55,58,51,0,53,56,52,60,0,54,0,129,133,122,130,124,123,0,131,125,128,132,85,79,81,80,82,84,0,83,76,0,78,74,0,1,138,0,142,140,141,139,0,135,137,0,42,0,40,46,41,44,49,38,47,39,43,48
54,55,60,59,0,53,58,0,50,0,57,52,137,140,0,143,141,144,135,134,142,136,139,138,77,78,74,79,83,84,80,85,76,0,81,75,103,98,100,108,0,106,0,0,0,107,0,0,96,92,89,95,88,90,97,87,0,86,91,0,6,3,10,0,9,0,11,12,0,8,5,0,20,15,0,16,23,19,0,0,0,0,24,22,45,38,43,46,39,47,41,44,40,0,49,42,114,0,121,0,118,112,111,115,119,113,116,120,73,0,69,68,70,72,65,71,64,63,66,62,132,133,126,122,130,128,129,127,124,123,0,131,30,33,28,0,29,32,37,26,35,27,31,36
42,43,48,47,39,41,46,44,38,49,45,40,125,128,133,131,0,132,0,0,130,124,0,0,0,66,62,67,71,72,68,73,64,70,69,63,0,86,88,96,89,94,90,0,87,95,93,92,84,80,77,0,76,0,85,75,82,74,0,81,138,135,142,0,141,134,143,144,1,0,137,0,8,0,0,0,11,7,2,0,5,13,12,10,33,26,31,34,27,35,29,32,28,36,37,0,102,105,109,98,106,100,99,103,107,101,104,0,61,55,57,56,58,60,53,59,0,51,54,50,120,121,114,110,0,116,117,115,112,111,113,119,18,0,16,22,17,20,25,14,23,0,19,0
0,0,0,0,27,29,34,32,0,37,33,28,113,116,121,119,117,120,111,110,118,112,115,114,53,54,0,55,59,0,56,61,52,58,57,51,79,74,76,84,77,82,78,85,0,83,81,0,72,0,65,71,0,66,73,63,70,62,0,69,126,123,130,124,129,0,131,132,0,128,125,127,140,0,0,136,0,139,134,141,137,1,144,142,21,14,19,22,15,0,17,0,0,24,25,18,90,93,97,86,94,88,87,91,95,0,92,96,49,43,45,44,46,0,41,47,40,39,42,0,108,0,0,98,106,104,0,0,100,99,101,107,6,9,0,10,5,8,13,0,0,3,0,12
0,19,24,23,15,17,0,20,0,25,21,16,101,0,109,107,105,108,99,98,0,100,103,102,41,42,38,43,47,0,44,0,40,46,0,39,0,0,64,72,65,70,66,73,63,71,69,68,60,56,53,59,0,54,61,51,58,0,55,57,114,0,118,112,117,110,119,120,121,116,113,0,128,123,126,124,131,127,122,0,125,133,0,0,9,2,7,0,3,0,5,0,4,12,13,6,0,0,85,74,82,76,75,79,83,77,80,84,37,31,0,32,0,0,29,0,28,27,30,26,96,97,90,86,94,92,0,91,88,87,89,95,0,141,136,142,137,0,1,134,143,135,139,0
6,7,0,11,3,0,10,8,2,13,0,4,89,92,97,95,0,96,0,0,94,88,91,90,0,30,26,0,35,36,32,37,0,34,33,27,55,50,52,0,0,58,54,61,51,59,57,56,48,44,41,47,0,42,49,39,46,38,43,0,102,0,106,100,105,98,107,108,109,104,101,103,116,111,114,112,119,115,110,117,113,0,120,118,141,134,139,0,0,143,137,140,136,144,0,0,0,0,73,62,70,0,0,67,71,65,0,72,25,19,0,0,22,24,17,23,16,15,0,14,84,85,78,74,82,80,81,79,76,75,77,0,126,129,124,0,125,128,133,0,0,123,127,0
138,139,144,143,0,0,142,140,134,1,141,0,77,80,85,83,81,84,75,74,82,0,79,78,0,0,14,19,23,24,20,25,16,22,21,0,43,0,0,48,41,46,42,49,39,47,0,0,36,0,29,35,28,30,37,27,34,26,0,33,0,87,94,0,93,86,95,96,97,92,89,0,104,99,102,100,107,0,98,105,0,109,0,0,129,122,127,130,123,131,125,0,124,132,133,0,54,57,61,50,58,0,51,55,59,53,56,60,13,7,9,0,10,0,0,11,4,3,6,2,72,73,66,62,0,68,69,0,64,63,65,71,0,0,112,118,113,116,121,110,0,111,115,120
0,127,132,131,123,0,130,128,122,0,0,124,65,0,73,71,69,72,63,0,70,64,0,0,0,6,0,7,11,12,8,13,4,10,9,0,31,26,28,36,29,34,30,37,27,35,33,32,24,20,17,23,16,18,25,15,22,14,19,21,78,0,82,76,81,74,83,84,85,0,77,79,92,87,90,88,95,91,86,0,89,0,96,0,0,110,115,118,111,119,113,116,112,120,121,114,42,45,0,38,46,40,39,43,47,41,44,0,0,139,141,0,142,0,137,143,0,135,138,0,60,61,54,50,58,56,57,55,52,51,0,59,102,105,100,0,101,104,0,98,0,0,103,108
114,115,120,119,111,113,118,116,110,121,117,112,53,56,61,0,0,60,51,0,58,52,55,54,137,138,134,139,143,144,140,1,136,142,141,0,19,0,16,0,17,22,18,25,15,23,0,20,12,8,5,11,0,0,13,3,10,0,7,0,66,0,70,0,0,62,71,0,73,68,0,67,80,75,78,76,0,79,74,81,77,85,84,82,105,98,103,106,99,107,101,104,100,108,109,102,30,33,0,26,34,28,0,31,35,29,32,36,133,127,129,128,0,132,125,131,124,123,126,122,48,49,42,38,46,0,45,43,40,39,0,47,90,93,0,0,0,92,97,86,95,87,91,96
102,103,108,107,99,0,0,104,98,0,105,100,0,44,49,0,45,48,39,38,46,40,43,42,125,126,122,127,131,132,128,133,0,130,129,123,7,2,4,12,5,10,6,13,3,11,9,0,0,140,137,143,136,138,1,135,0,0,0,141,54,0,58,52,57,50,59,0,0,56,53,55,0,0,66,64,71,67,62,0,65,73,72,70,93,0,91,94,87,0,89,92,88,0,97,90,18,21,25,14,22,0,15,0,23,17,20,24,121,115,0,116,0,120,113,119,112,111,114,0,36,37,30,26,34,32,33,31,28,27,29,0,78,0,76,82,77,80,85,74,83,75,79,84
90,91,0,0,87,0,0,0,86,0,93,0,29,0,37,0,33,36,27,26,0,0,31,30,113,0,110,115,0,120,116,121,0,118,0,111,139,0,136,144,137,142,138,1,135,143,0,140,132,128,0,0,0,0,133,0,130,122,127,129,42,39,0,40,45,38,47,48,49,44,0,43,56,51,54,52,59,0,50,57,0,61,60,0,0,74,79,82,75,83,77,80,76,84,85,78,6,9,13,2,0,4,3,7,11,5,8,12,109,103,105,104,106,108,101,107,100,99,102,98,24,25,18,14,22,20,21,19,0,15,17,0,0,69,64,70,65,68,73,62,71,63,67,72
39,40,45,44,36,0,43,0,0,0,42,37,122,125,130,128,126,129,120,0,0,0,0,123,62,63,59,64,0,0,65,70,61,67,66,60,88,83,0,0,86,91,87,94,84,92,90,0,81,77,74,0,73,75,0,72,79,71,0,78,135,0,0,133,138,131,140,0,142,137,134,0,5,0,3,0,8,0,143,6,0,10,9,7,30,23,0,31,0,0,26,29,25,0,34,27,99,102,0,95,103,97,96,100,0,98,101,105,58,52,54,53,55,57,50,56,0,48,0,47,117,0,111,107,115,113,0,112,109,108,110,116,15,18,13,19,14,17,22,0,20,0,16,21
0,76,0,0,72,74,79,77,71,82,78,73,14,17,22,20,18,21,12,11,0,0,0,15,0,99,0,100,104,0,101,106,97,0,102,96,124,0,0,129,0,127,123,130,120,128,126,125,0,113,110,116,109,0,0,108,115,107,0,114,0,24,31,25,0,0,32,33,34,29,26,0,41,0,39,37,0,40,0,42,0,0,45,43,66,0,0,67,60,68,62,0,61,69,70,63,135,138,142,131,139,133,0,136,140,134,137,141,94,88,90,0,91,93,86,92,85,84,87,83,9,10,3,143,7,5,6,4,1,144,2,8,51,0,49,55,50,53,58,47,56,0,52,57
0,16,21,20,12,0,19,0,11,22,18,13,98,101,0,0,102,105,0,95,0,97,100,99,38,39,35,40,0,45,41,46,0,0,0,0,64,59,61,69,62,67,63,70,0,68,0,65,57,0,50,56,0,0,0,48,55,47,52,54,111,0,115,109,0,0,116,0,0,113,0,0,125,120,123,121,128,0,119,126,122,0,0,0,6,143,4,7,144,8,2,5,1,9,0,3,75,78,0,71,79,73,72,76,80,74,77,0,0,0,30,29,31,33,26,32,25,24,27,23,0,94,0,83,0,0,90,0,85,84,86,92,135,138,0,139,134,137,142,131,140,132,0,141
87,88,0,92,84,86,91,89,0,94,90,0,26,29,0,32,30,33,24,23,31,25,28,27,110,0,107,112,116,117,113,118,109,115,114,108,136,131,133,141,134,0,135,142,132,140,0,137,129,0,0,128,121,123,130,120,127,119,124,0,39,36,43,37,42,35,44,45,0,0,38,40,53,48,51,49,0,0,47,54,50,58,57,0,0,71,76,79,72,80,0,77,73,81,82,75,3,0,10,143,7,1,144,4,0,2,5,0,106,0,102,101,103,0,98,104,97,96,99,95,21,0,15,11,0,17,18,16,13,12,14,20,63,0,61,67,62,65,70,59,0,0,0,0
99,100,105,0,96,98,0,101,95,106,102,97,0,0,0,44,42,45,36,0,43,37,0,39,0,123,119,124,128,129,125,130,121,127,126,0,4,143,1,9,2,7,3,10,144,8,6,5,141,137,134,140,0,0,142,132,139,131,0,138,51,0,55,49,54,47,56,57,58,0,50,52,0,60,0,61,68,0,0,66,62,70,0,67,90,83,0,91,0,0,86,89,85,93,94,87,0,18,0,11,0,0,12,0,20,14,17,0,118,0,114,0,115,117,0,0,109,108,0,107,33,34,0,23,31,29,30,28,25,24,26,32,75,78,73,79,74,77,82,71,80,72,76,81
111,112,0,116,108,110,0,113,107,118,0,109,0,53,58,56,0,0,48,47,55,49,0,51,134,135,131,0,0,141,137,142,133,139,138,132,16,11,13,0,14,19,15,22,0,20,18,17,9,5,2,8,1,3,10,144,7,143,0,6,63,60,67,61,66,0,68,0,70,65,0,64,77,0,0,73,80,76,71,78,74,82,81,79,102,0,100,0,96,104,98,101,97,105,0,99,27,30,0,23,31,25,24,28,32,0,29,33,130,124,126,125,0,129,122,128,121,0,123,0,45,46,39,0,43,41,0,40,37,36,38,0,87,90,85,91,86,0,0,83,92,84,88,93
135,136,141,140,0,134,139,0,0,142,0,133,0,77,82,80,78,81,0,71,0,73,0,0,14,15,11,0,0,21,0,0,13,19,18,12,0,0,37,45,0,43,39,0,36,44,42,41,0,29,26,0,0,27,34,24,31,23,28,30,87,84,91,0,90,83,92,93,0,89,86,88,101,96,0,97,104,100,95,0,0,0,105,103,126,119,0,127,120,128,0,0,0,129,130,123,51,54,58,47,55,49,48,52,56,50,53,0,10,4,6,5,7,9,2,0,1,144,3,143,0,70,63,59,0,65,66,64,61,60,62,68,111,114,0,115,0,113,118,107,116,108,112,117
3,0,9,8,144,2,0,5,143,10,6,1,86,89,94,0,90,93,84,0,91,85,88,0,26,27,23,28,32,33,29,34,25,31,30,24,0,47,0,57,50,55,51,58,48,56,54,0,0,41,38,44,37,39,46,36,43,0,40,42,99,96,103,97,102,95,104,0,106,101,98,100,113,0,111,0,116,112,107,0,110,0,117,0,138,131,136,139,132,140,134,137,133,141,142,135,63,66,70,59,0,61,60,0,0,62,65,69,0,0,18,17,19,0,0,20,13,12,15,11,81,82,75,0,79,0,78,76,0,72,0,80,123,126,121,127,0,125,0,119,0,120,124,129
63,64,69,0,60,62,67,65,59,70,66,61,0,5,0,8,6,9,144,143,0,1,4,3,86,87,0,88,92,93,89,0,0,0,90,84,112,0,109,117,110,115,111,0,108,116,114,113,105,101,98,104,97,99,106,96,103,95,100,102,15,12,19,0,0,0,20,21,0,0,14,16,29,24,27,0,32,28,23,30,26,34,33,31,54,0,0,55,48,56,0,53,0,0,0,51,123,126,130,0,127,121,120,124,128,122,125,129,82,76,0,0,0,0,0,80,73,72,75,71,141,142,0,131,139,137,0,136,133,132,134,140,0,42,37,43,38,0,46,35,44,36,40,0
51,52,57,56,0,50,55,53,47,58,54,0,134,137,142,140,0,141,132,0,139,133,136,135,0,0,71,0,0,81,0,82,73,0,78,72,100,0,0,105,0,103,99,0,96,104,0,101,93,89,0,92,85,87,94,84,91,83,88,90,3,144,7,1,6,143,8,9,10,5,2,0,0,12,15,0,20,16,11,18,14,22,21,19,42,35,40,43,0,44,0,41,37,45,46,39,111,114,118,0,0,109,0,112,116,0,113,117,70,0,66,0,67,0,62,68,61,0,63,59,129,0,123,0,0,0,0,124,121,120,122,0,27,30,25,0,26,29,34,23,0,24,28,0
27,28,33,32,24,26,31,29,0,34,30,25,110,0,118,0,0,117,108,107,115,109,112,111,50,51,47,52,0,57,53,58,49,55,54,48,76,71,73,81,74,79,75,82,0,80,78,77,69,65,0,68,61,63,70,60,67,0,0,0,123,120,0,121,126,119,0,129,130,125,122,0,137,132,0,0,140,136,131,0,134,0,141,139,0,11,16,19,0,20,14,17,0,0,22,15,87,90,94,83,91,0,84,88,92,0,0,93,46,0,42,41,43,45,38,44,37,36,39,0,0,106,99,0,103,0,102,100,0,96,0,104,0,6,0,0,2,5,10,143,8,144,4,9
0,124,129,128,120,122,0,0,0,0,126,121,62,65,70,68,66,69,60,59,67,61,64,63,2,3,143,4,8,9,5,10,1,7,6,144,28,23,25,33,0,31,27,0,24,0,30,29,0,17,14,20,13,0,22,12,19,0,16,18,75,0,0,73,78,71,80,81,82,77,0,76,0,84,0,85,92,88,0,90,0,94,93,91,0,0,0,115,108,0,110,113,109,117,0,111,0,0,0,35,43,0,0,40,0,38,41,45,0,136,138,137,0,141,134,140,133,0,0,131,57,58,51,47,55,53,54,52,49,0,50,56,99,102,97,103,98,101,106,95,104,96,100,105
0,53,58,0,49,51,56,0,48,59,55,0,135,0,0,141,139,142,133,132,140,134,137,136,75,76,72,77,81,82,78,0,74,80,79,73,101,0,98,106,99,0,0,107,97,105,103,102,94,0,87,93,86,88,95,85,92,84,89,91,4,1,8,2,7,144,9,10,11,0,3,5,18,0,16,14,21,17,0,19,15,23,0,0,43,36,41,44,37,45,0,42,38,46,0,40,112,115,119,0,116,110,0,113,117,111,114,0,71,65,67,66,68,70,63,0,0,0,64,60,130,131,0,0,128,126,0,0,122,0,123,129,28,31,26,32,27,0,35,24,0,0,0,0
28,29,0,33,25,0,32,0,0,35,31,26,111,0,119,117,115,118,109,108,116,110,113,112,0,52,48,53,0,58,54,59,50,56,55,49,77,72,74,82,0,0,0,83,73,0,79,0,70,66,63,0,62,64,0,61,68,60,0,67,124,0,128,122,127,120,0,0,131,126,0,0,138,0,136,0,141,137,0,139,135,143,142,140,19,12,0,20,13,21,15,18,14,22,23,16,88,91,95,84,92,86,85,89,93,87,90,94,47,41,43,42,44,46,39,45,38,37,40,0,106,107,100,96,104,102,103,101,98,97,99,105,4,7,2,0,0,6,11,0,9,1,5,10
0,41,46,45,0,0,44,42,0,47,43,0,0,126,131,0,127,0,121,120,128,122,125,124,63,0,60,65,69,70,66,0,62,0,67,61,89,84,0,94,87,92,88,0,0,93,0,90,0,78,75,0,74,0,83,0,80,72,77,79,136,133,0,134,139,132,141,142,0,138,0,137,6,1,4,2,9,5,0,7,3,11,10,0,31,24,29,0,25,33,0,30,26,0,0,0,0,0,107,96,0,98,97,101,105,99,0,106,59,53,55,54,0,58,51,57,50,49,52,48,118,0,112,108,116,114,115,113,110,109,0,117,16,19,14,20,15,18,23,12,21,13,17,22
16,17,22,21,0,0,20,18,12,23,19,14,99,0,107,0,103,106,97,0,0,98,0,100,39,0,0,0,0,46,0,47,0,44,43,37,0,60,62,0,63,68,64,71,61,69,0,66,58,0,51,57,50,52,59,0,56,48,53,55,112,0,0,110,115,108,0,118,119,114,0,113,126,121,124,122,129,0,120,127,123,131,0,128,7,0,5,8,1,9,3,6,2,10,11,4,76,79,83,72,0,74,73,0,0,75,78,82,35,29,31,30,0,34,0,33,26,25,28,24,94,0,88,84,0,90,91,89,86,85,0,93,136,139,134,140,0,138,143,132,141,133,0,142
124,125,130,129,121,123,128,126,120,131,0,122,63,66,71,0,67,0,61,60,68,62,65,64,3,4,144,0,0,10,6,11,2,0,7,0,29,24,0,0,27,32,0,35,25,33,31,30,22,18,15,21,14,16,23,13,0,12,17,19,76,0,80,74,0,72,81,82,83,78,0,77,90,85,88,86,93,89,84,0,87,95,94,92,115,108,113,0,109,117,0,0,110,118,119,112,40,0,47,36,44,38,37,41,45,39,42,0,143,137,139,138,140,142,135,141,134,0,0,132,58,59,52,48,56,0,0,0,50,49,51,0,100,103,98,104,99,102,107,0,105,97,101,106
4,5,10,0,0,3,8,6,144,11,0,2,87,90,95,93,91,0,85,84,92,0,89,88,27,0,24,29,33,34,30,35,26,32,0,25,0,48,50,58,51,56,52,0,49,57,55,0,46,42,39,45,38,40,47,37,44,36,41,43,100,97,104,98,103,96,105,106,107,102,99,101,114,109,112,0,0,113,108,115,0,119,118,116,139,132,137,140,133,141,135,138,134,142,143,136,64,67,71,60,68,62,61,65,0,63,66,0,23,17,19,18,20,22,15,0,14,0,16,0,0,83,76,72,80,0,79,77,0,0,75,81,124,127,122,128,123,0,131,120,0,121,125,130
64,65,70,69,61,63,68,0,60,71,67,62,3,0,11,9,7,10,1,144,8,0,5,0,87,0,0,0,93,0,90,95,86,92,0,85,113,0,110,118,111,116,112,0,0,0,115,114,106,0,99,0,98,100,107,97,0,96,101,103,16,13,20,14,19,12,0,0,23,0,0,17,30,0,28,0,33,29,24,31,27,35,0,32,55,48,53,56,0,57,51,54,50,58,59,0,0,0,0,120,128,122,121,125,129,123,126,0,83,77,79,78,80,0,75,81,74,0,76,72,142,143,136,132,140,0,139,0,134,133,135,141,40,43,38,0,39,0,47,36,45,37,41,0
100,101,0,0,97,99,104,102,96,107,103,98,39,0,47,45,43,46,37,36,44,38,41,40,123,124,120,125,129,130,0,131,122,128,127,0,5,0,2,10,3,8,4,11,0,9,0,0,142,138,135,141,134,136,0,133,140,132,137,139,0,49,56,0,55,48,0,58,59,54,51,53,66,61,0,62,69,65,60,0,63,71,70,68,0,84,89,92,85,93,0,90,86,94,95,88,0,19,0,12,20,14,13,0,21,15,18,22,119,113,115,114,116,118,111,117,0,109,112,0,34,35,28,24,32,0,31,0,0,25,27,0,76,79,74,80,75,78,83,72,81,0,77,82
88,89,0,93,85,87,92,0,0,0,0,86,0,0,0,33,31,34,25,0,32,0,0,28,111,0,108,113,117,118,114,119,110,116,0,0,137,0,0,142,135,140,136,143,133,141,139,138,130,126,0,129,122,124,0,0,128,120,0,127,40,0,44,0,43,36,0,46,47,42,39,41,54,0,52,50,57,53,48,55,51,59,58,56,0,72,77,0,73,81,0,78,74,82,83,76,4,0,11,0,8,0,1,5,9,3,6,0,107,101,0,102,104,106,99,0,98,97,0,0,22,23,16,12,20,18,19,17,14,13,15,21,64,67,62,68,63,0,71,60,0,61,65,70
136,0,142,141,0,135,140,138,0,0,139,134,75,78,83,81,79,82,73,72,0,0,0,0,15,16,0,0,0,0,18,23,14,20,0,13,41,0,38,46,39,44,40,47,37,0,43,42,34,0,27,33,26,28,0,25,32,24,29,31,88,0,92,0,91,84,93,94,95,90,0,89,102,97,100,0,105,0,0,103,99,107,106,104,0,120,0,128,0,129,123,126,122,130,131,124,0,55,0,48,56,50,0,53,57,51,54,58,11,5,7,0,8,10,3,9,2,1,0,144,70,0,0,60,68,66,0,65,62,61,63,69,112,115,0,116,0,114,119,108,117,109,113,0
112,113,0,117,109,111,116,114,108,119,115,110,51,54,0,57,0,0,49,48,0,50,53,52,135,136,132,137,141,142,138,143,134,140,139,133,17,12,14,22,0,20,0,23,13,21,19,18,10,6,3,9,2,0,11,1,8,144,0,7,64,61,68,62,67,0,69,70,71,66,63,0,78,0,76,74,81,0,72,79,75,83,82,80,103,96,101,104,0,105,99,102,98,106,107,100,0,0,35,24,0,26,25,29,33,27,0,0,131,125,127,126,128,130,123,0,122,121,124,120,46,47,40,36,44,0,43,0,38,37,39,0,88,0,0,92,87,90,95,84,0,85,89,0
0,77,82,0,73,75,80,0,0,83,0,74,15,18,23,0,19,0,13,12,0,0,17,16,99,100,96,0,105,0,102,0,98,104,103,0,125,120,122,130,123,128,124,131,121,129,0,126,0,114,111,117,110,112,119,109,116,0,113,115,28,25,32,26,31,24,33,34,35,30,27,0,42,37,40,38,0,41,36,43,39,47,0,44,67,60,65,0,61,69,63,66,0,0,71,64,0,139,0,132,0,134,0,137,141,135,138,142,95,89,91,90,0,94,87,0,86,85,0,84,0,11,4,144,8,6,7,5,2,1,3,9,52,55,50,56,51,54,59,0,57,0,53,58
45,0,51,50,42,44,0,0,41,52,48,43,128,0,136,134,132,135,0,0,0,127,0,0,68,69,65,70,0,75,71,76,67,73,72,0,94,0,91,99,0,97,93,100,90,98,96,95,87,0,80,0,0,81,0,78,85,0,82,0,141,138,1,0,144,0,2,3,4,143,140,0,11,6,9,7,14,10,5,12,8,16,15,13,36,29,0,37,30,0,32,35,31,39,40,33,0,108,112,101,0,103,102,106,110,104,107,0,0,58,60,59,61,63,56,62,55,54,57,53,123,124,0,113,121,119,120,118,115,114,116,122,21,24,0,0,20,23,28,17,26,0,0,27
141,142,3,0,138,140,1,143,137,4,144,139,80,0,0,86,84,87,78,77,85,79,0,0,20,21,17,22,26,0,23,28,19,25,24,18,46,41,43,0,44,0,0,52,42,0,48,47,0,35,32,38,31,33,40,30,37,29,34,36,93,0,97,0,96,89,98,99,100,0,0,94,107,102,105,103,110,106,101,108,0,0,111,109,132,125,130,133,0,0,0,131,127,0,0,129,0,60,64,53,61,55,54,58,62,56,59,0,16,10,0,11,13,15,8,14,0,6,9,5,0,76,69,65,0,71,0,0,67,66,0,74,117,120,115,121,116,119,0,0,0,114,118,0
0,0,0,74,0,0,73,0,65,76,0,67,0,0,16,14,12,0,0,0,0,7,0,9,0,0,89,94,98,99,0,100,91,97,96,90,0,113,115,0,116,121,117,124,114,122,120,0,111,0,0,110,0,105,0,102,109,101,106,108,0,0,0,19,24,17,26,27,28,0,20,22,35,30,0,31,38,0,29,36,0,40,39,37,60,53,58,61,54,62,56,59,55,63,64,57,129,132,136,125,133,127,0,130,134,128,131,0,0,0,0,0,85,87,80,86,79,78,81,77,3,4,141,0,0,143,0,142,139,138,140,2,45,48,43,49,44,47,52,41,50,42,46,51
93,94,99,98,0,92,0,95,89,100,96,91,32,35,0,0,36,39,0,29,37,31,34,33,116,0,113,118,122,123,119,124,115,121,0,114,142,137,139,3,140,1,141,4,0,2,144,143,0,131,128,134,0,0,136,126,133,125,0,0,45,42,49,43,48,41,50,51,0,47,44,46,0,54,57,0,62,58,53,60,56,64,0,61,84,77,82,85,78,86,80,83,0,87,88,81,0,12,0,5,13,7,6,10,14,8,11,15,112,106,108,107,109,111,104,110,103,102,0,101,27,28,21,0,0,0,0,0,19,18,0,26,0,72,67,73,68,71,76,65,74,0,70,75
0,106,0,110,0,0,0,107,101,0,108,103,0,47,52,50,0,0,42,41,49,0,46,45,128,129,125,0,134,135,131,136,127,0,132,126,10,5,7,15,8,13,9,0,6,14,12,11,3,143,140,2,139,0,0,138,1,137,0,0,0,54,61,55,60,53,0,63,64,59,56,0,71,66,69,67,74,70,65,72,0,76,75,73,96,89,94,0,0,0,92,95,0,99,0,93,21,24,28,17,25,19,18,22,26,20,23,27,0,118,0,119,121,123,0,0,115,114,117,113,39,40,33,0,37,0,0,0,31,30,32,38,0,84,79,85,80,83,88,77,86,0,82,0
57,58,0,62,54,56,61,59,53,64,60,55,140,143,4,2,0,3,138,0,1,0,142,141,80,81,77,82,86,87,83,88,79,0,84,78,0,101,103,111,104,109,105,0,0,110,108,107,99,95,92,98,91,93,100,90,97,89,94,96,0,6,13,7,12,5,14,15,16,0,8,0,0,18,21,19,26,22,17,24,20,0,27,25,48,41,0,49,42,50,44,47,43,51,52,0,0,120,124,0,0,115,0,118,0,116,119,123,0,0,72,71,73,0,68,74,0,0,0,65,0,136,129,125,133,131,132,0,127,0,128,134,0,0,0,37,32,0,40,0,0,30,0,39
0,118,0,122,114,116,121,119,0,124,120,0,56,59,0,62,60,0,0,53,0,55,58,57,140,141,137,142,2,0,143,4,139,1,144,138,22,17,19,27,20,25,0,28,18,26,24,0,15,0,8,14,7,9,16,6,13,5,10,12,69,66,0,0,72,65,0,75,76,71,68,0,0,78,0,79,86,82,77,84,80,88,87,0,108,0,106,109,102,110,104,107,0,111,112,105,33,0,0,29,37,31,30,34,38,32,35,39,136,130,132,131,133,135,128,134,127,126,0,125,51,0,45,41,49,0,0,46,43,42,44,50,93,96,91,97,0,95,100,89,98,90,94,0
9,10,0,14,0,8,13,11,0,16,12,0,92,95,100,98,0,0,90,0,97,91,94,93,32,33,29,0,38,39,0,40,0,0,36,0,58,53,0,63,0,0,57,64,54,0,60,59,51,0,44,50,43,0,52,42,49,41,46,48,105,102,109,0,0,101,110,111,112,107,104,106,119,0,117,115,122,118,113,120,0,124,123,121,144,137,0,1,138,2,140,143,139,3,0,0,0,72,76,65,73,0,66,70,74,68,71,75,0,22,24,23,25,27,0,26,19,18,21,0,87,88,81,0,85,83,0,82,79,78,80,0,129,0,127,0,128,0,0,125,134,126,130,135
129,130,135,0,126,128,133,0,125,0,132,0,68,71,76,74,0,0,66,65,73,67,0,0,8,9,5,10,0,15,11,0,0,13,12,0,34,29,31,39,32,37,33,0,30,0,36,35,27,23,20,26,0,21,28,18,0,0,0,24,81,78,85,79,84,77,86,87,0,0,80,82,95,90,93,91,98,94,0,96,92,100,99,97,120,0,0,121,114,122,0,119,115,123,124,117,45,48,52,41,49,43,42,46,0,44,47,51,0,142,144,143,1,3,140,0,139,138,141,137,63,64,57,0,61,0,0,0,55,54,56,62,105,108,103,109,0,107,0,0,0,0,0,111
81,0,87,86,78,80,0,0,77,0,84,79,0,23,28,26,24,0,18,17,25,0,22,21,104,105,101,106,110,0,107,112,103,0,0,0,130,125,0,135,0,0,0,136,0,134,132,131,0,119,116,122,115,117,124,0,121,113,118,120,33,30,37,31,36,29,38,39,40,0,0,0,47,42,45,43,0,0,41,48,0,0,51,49,72,65,70,0,66,74,68,71,0,75,0,69,141,144,0,137,1,139,138,142,0,140,0,0,0,94,96,95,97,99,92,98,91,90,93,89,15,16,0,0,13,0,12,10,7,6,8,0,57,60,55,61,56,59,64,53,62,54,0,63
0,34,0,0,30,32,0,35,0,40,36,0,116,0,124,122,0,0,0,113,121,115,0,117,56,0,53,0,62,63,59,64,0,0,0,0,82,77,79,0,80,85,81,88,0,86,84,0,75,71,0,0,67,69,0,66,73,65,70,0,129,126,133,127,0,125,134,0,0,0,128,0,143,0,0,139,0,142,137,144,0,4,3,1,24,17,22,0,18,26,20,23,19,27,28,21,93,96,0,0,97,91,90,94,98,92,95,99,52,46,48,47,49,0,44,50,43,42,45,41,111,112,105,101,109,107,108,106,0,102,104,110,0,12,7,13,8,11,16,5,14,6,10,15
21,22,27,26,18,20,25,0,0,28,24,0,0,107,112,110,108,0,102,0,0,103,106,105,44,45,0,46,50,51,47,52,43,49,0,0,70,65,67,75,0,0,69,76,0,74,72,71,63,0,56,0,0,57,64,54,61,53,58,60,0,114,121,115,0,0,122,123,124,119,116,118,0,0,0,127,134,130,125,132,128,136,135,133,12,5,0,13,6,14,8,0,0,15,16,9,81,84,88,77,85,79,78,82,86,80,83,0,0,34,36,35,0,39,32,38,31,30,33,29,99,0,0,89,97,95,96,0,0,90,92,98,141,144,139,1,140,143,4,137,2,138,142,3
