90,86,92,85,93,88,87,89,0,91,0,44,46,49,51,53,45,0,52,0,0,18,0,0,19,23,0,22,14,15,0,34,0,40,42,37,39,0,36,41,10,12,8,4,0,11,0,13,6,7,76,0,81,0,79,80,82,78,74,83,67,71,72,0,73,64,69,65,0,68,98,3,94,97,1,95,2,99,96,100,30,29,24,0,0,33,0,26,0,31,0,55,0,0,58,0,60,61,62,0
60,56,62,55,63,0,57,59,54,61,17,14,16,19,21,23,15,18,0,20,91,88,90,86,89,93,87,0,0,85,0,4,5,0,0,7,0,8,6,0,80,82,78,74,79,81,75,0,76,77,46,45,0,47,49,50,52,48,44,53,0,0,42,36,0,34,39,0,40,0,68,73,0,67,0,65,72,69,66,0,0,99,94,95,98,3,97,96,2,0,0,25,0,27,0,29,0,0,0,33
0,76,82,75,0,0,77,79,74,81,37,34,0,39,41,0,0,38,42,40,11,8,10,6,9,0,7,0,4,0,0,0,25,30,0,27,29,28,0,31,100,2,98,0,99,1,95,0,96,97,66,65,0,67,0,70,72,68,64,73,57,61,62,56,63,54,59,0,60,0,88,93,84,87,91,0,92,89,0,90,20,19,14,0,18,23,17,0,22,21,0,45,0,47,48,0,50,0,52,53
0,0,32,25,33,28,27,29,0,31,87,84,0,89,91,93,85,88,92,90,0,58,60,56,0,0,57,0,54,55,83,74,75,80,0,77,79,78,0,81,50,52,0,44,49,51,45,53,46,0,16,0,21,17,19,20,22,18,14,23,7,11,12,6,13,0,9,5,10,8,38,43,34,0,0,35,0,39,36,40,70,69,64,65,68,73,67,66,72,71,0,95,0,97,98,0,100,0,0,0
100,0,0,95,3,98,0,99,0,1,0,0,56,0,61,63,0,58,62,0,0,28,30,0,29,0,27,32,24,25,0,44,45,50,52,47,0,48,46,0,20,22,18,14,19,21,15,0,16,17,86,85,0,87,89,0,92,88,84,0,0,81,0,76,83,74,79,75,0,78,8,13,4,0,11,5,0,9,6,10,40,39,34,35,0,43,37,36,42,41,64,65,66,67,68,69,70,0,72,73
0,36,42,35,43,38,37,39,34,41,97,94,0,99,1,0,95,0,0,100,71,0,70,66,0,0,67,72,64,65,93,0,85,90,92,87,89,88,86,91,60,62,58,54,0,61,55,63,0,0,26,25,31,27,29,30,32,28,24,33,17,21,22,16,23,14,19,15,20,18,0,53,44,0,51,45,52,49,46,50,80,79,74,75,78,83,0,0,0,0,4,0,6,7,8,9,10,0,12,0
70,0,72,65,73,0,0,69,0,71,0,24,26,29,0,33,25,28,32,30,1,98,100,96,99,3,97,2,94,95,23,14,0,0,0,17,0,18,0,21,90,92,88,84,0,91,85,93,86,0,56,55,61,57,59,60,62,58,54,0,47,51,0,0,0,0,49,0,50,48,78,0,74,77,81,75,82,0,76,80,10,9,4,5,8,13,0,6,12,11,34,0,0,0,0,0,40,41,0,43
20,16,22,0,23,18,17,19,14,21,0,74,0,0,81,0,75,78,82,80,0,48,50,46,0,53,0,52,0,45,73,64,65,70,0,67,69,0,66,71,0,42,0,34,39,0,0,43,0,0,0,5,11,7,9,10,12,0,4,13,97,1,2,96,3,0,0,95,100,0,28,33,24,0,31,25,32,29,26,30,0,0,0,55,58,63,57,56,62,61,84,85,86,0,88,89,0,91,92,93
10,6,12,5,13,8,7,9,0,0,67,64,66,0,71,73,65,0,72,0,0,38,0,36,39,43,37,42,34,35,0,54,0,0,62,57,59,58,56,61,30,32,28,24,0,31,25,33,0,27,0,95,1,97,99,0,0,98,94,3,87,91,92,86,93,84,0,85,90,88,18,0,14,0,0,0,22,19,16,20,0,49,44,0,48,53,47,46,52,51,74,0,76,77,78,79,80,81,82,0
0,46,52,45,53,0,0,0,44,51,0,4,6,9,11,13,0,8,0,0,81,0,0,0,79,83,77,0,74,75,3,94,0,100,2,97,99,98,96,1,70,0,68,64,69,71,65,73,66,67,36,35,41,37,0,40,42,0,34,43,27,31,32,26,33,24,29,0,0,28,58,63,0,57,61,55,62,59,56,60,90,89,84,85,88,93,87,86,92,0,0,15,16,17,0,0,20,21,22,0
0,39,0,0,0,41,40,0,37,44,0,0,0,2,0,0,98,1,0,3,74,71,73,0,72,76,70,75,67,68,96,87,0,93,95,0,0,91,89,0,63,65,61,57,62,64,58,0,59,60,29,28,0,30,32,33,35,31,27,36,0,24,25,19,26,17,22,0,23,21,51,56,47,50,54,48,55,52,49,53,83,82,77,78,0,86,80,79,85,84,7,8,0,0,11,12,13,0,15,16
93,89,95,88,0,91,90,92,0,94,50,47,49,52,54,0,0,51,0,0,24,21,23,0,0,26,20,25,0,18,0,37,38,43,45,40,42,41,39,44,13,15,0,7,12,14,8,16,0,10,0,78,84,80,82,83,85,81,77,0,70,74,75,69,76,67,72,0,73,71,1,6,0,0,4,98,0,2,99,3,33,0,27,0,31,36,30,29,35,0,57,58,59,0,0,62,63,64,65,0
33,29,35,0,36,31,30,32,27,34,90,87,89,92,94,0,88,91,95,93,64,61,63,59,62,0,60,65,57,58,86,0,0,0,85,80,82,0,79,0,53,0,51,0,52,54,0,56,49,50,19,18,24,20,22,0,25,21,17,26,10,14,15,9,16,7,12,0,0,11,41,46,37,40,44,0,45,42,0,43,73,72,67,68,71,76,0,69,75,74,97,98,0,100,1,2,3,4,0,0
53,0,55,0,56,51,0,52,47,54,10,7,9,12,0,16,8,11,0,13,84,81,0,0,0,86,80,85,77,78,6,0,98,3,5,100,2,1,99,0,73,75,71,67,72,0,68,76,0,70,39,38,44,40,42,43,45,41,37,46,30,34,35,29,36,0,0,28,0,31,61,66,57,60,64,58,65,62,59,63,93,92,87,88,0,0,0,89,95,0,0,18,19,20,21,22,23,0,0,0
13,9,0,0,0,11,0,0,7,14,0,0,69,0,0,0,68,0,75,0,44,41,0,0,0,46,0,0,37,0,0,57,58,0,65,60,0,61,59,64,0,35,31,27,0,34,28,36,29,0,99,98,4,100,2,0,5,1,97,6,90,0,0,89,96,87,92,88,93,91,21,26,0,20,24,18,25,22,19,23,53,52,47,48,51,56,50,0,55,54,77,0,79,80,81,0,83,0,0,86
83,79,85,78,86,81,0,82,77,0,0,37,0,42,44,46,0,41,45,43,14,11,0,9,12,16,10,15,7,0,36,0,28,0,0,30,32,31,29,34,3,5,1,97,2,4,98,6,99,100,69,0,74,70,72,0,75,0,67,0,60,64,0,59,66,57,62,58,63,0,91,96,87,90,94,0,95,0,89,93,0,22,17,18,0,26,20,19,0,24,47,0,0,50,51,52,53,54,0,56
23,0,25,0,26,21,20,22,17,24,80,77,0,82,84,86,78,81,0,83,54,0,0,49,52,56,0,55,47,0,0,67,68,0,0,70,72,0,0,0,43,45,41,37,42,44,38,0,0,40,0,8,14,10,12,13,15,11,0,0,0,4,5,99,6,0,2,98,3,0,31,36,27,30,34,0,35,32,29,0,63,62,57,58,0,0,60,59,65,64,0,88,0,90,91,92,0,94,95,96
0,0,65,58,66,0,60,62,0,64,20,0,19,22,0,26,18,21,0,0,0,91,0,0,92,0,90,0,0,0,16,7,0,0,15,10,12,11,9,0,83,85,81,0,0,84,0,86,79,0,0,48,54,50,52,53,55,51,47,56,40,44,45,39,46,37,42,38,43,41,0,0,67,70,74,68,75,72,69,73,3,2,97,98,1,0,0,99,0,4,27,28,29,30,31,32,33,0,0,36
0,99,5,0,0,1,100,2,97,4,0,57,59,0,64,0,58,0,0,0,34,0,33,0,32,0,30,35,0,28,56,47,48,0,55,0,52,51,0,0,0,25,21,17,22,24,18,26,19,20,89,0,0,90,92,93,95,0,87,96,80,84,0,79,86,77,0,78,83,81,11,16,0,10,14,8,15,12,9,13,43,42,37,38,41,0,40,39,45,0,0,68,69,0,71,72,0,0,75,76
73,69,0,68,0,71,70,72,67,0,30,0,29,32,34,0,28,31,0,0,4,1,0,99,2,6,100,5,0,0,26,0,18,0,0,20,22,21,19,0,0,95,0,87,0,94,0,96,0,90,59,58,64,60,62,63,65,61,57,66,50,54,55,49,56,0,52,48,0,51,81,86,77,80,84,78,85,82,0,83,0,12,0,8,11,16,10,0,15,14,37,0,39,40,41,42,43,44,45,46
61,57,63,0,64,59,58,60,55,62,0,0,0,20,22,24,16,0,23,0,0,89,0,87,90,0,88,93,0,86,14,5,6,11,13,8,0,9,0,12,81,0,0,75,80,0,0,0,77,78,0,46,52,0,50,51,0,0,45,0,0,42,43,37,44,35,40,36,41,39,69,74,65,68,72,0,73,70,67,71,1,100,95,96,99,0,98,97,3,2,25,26,27,0,29,30,0,32,33,34
0,0,0,66,74,69,68,0,65,72,28,0,27,30,0,34,26,0,33,31,2,0,0,97,0,4,98,3,95,96,24,0,16,21,23,18,20,19,17,22,91,0,0,85,90,0,0,0,87,88,57,56,62,0,60,61,63,59,55,64,48,52,0,0,0,45,50,46,51,49,0,0,75,78,82,76,83,80,77,81,11,10,5,6,9,14,0,0,13,12,35,36,0,0,39,0,0,42,43,0
11,0,13,0,0,0,0,10,5,0,0,0,0,70,72,0,0,0,0,0,0,39,41,37,40,44,38,0,35,36,64,55,56,61,63,58,60,0,57,62,0,33,0,0,30,32,26,0,27,28,97,96,2,98,100,1,0,99,0,0,0,0,93,87,94,0,90,86,91,0,0,24,15,0,22,16,23,0,17,21,51,50,45,46,49,54,48,47,0,0,75,76,77,78,79,80,81,82,83,84
0,77,0,0,84,79,78,0,0,82,0,35,0,0,42,0,36,39,43,41,0,0,11,7,10,14,8,0,5,0,0,25,26,31,33,28,0,29,27,32,1,3,99,95,100,2,96,0,97,98,67,66,72,68,70,71,73,0,65,74,0,62,63,57,64,0,60,56,61,59,89,0,0,88,0,0,93,0,87,91,21,20,15,16,0,24,18,17,23,22,45,46,47,48,49,50,0,52,0,54
21,17,0,16,0,19,18,20,15,22,78,75,77,80,82,84,76,79,83,81,52,49,51,47,50,54,48,53,45,0,0,0,66,71,73,68,0,0,0,0,41,43,39,35,40,0,36,0,37,38,7,6,12,8,10,11,13,9,5,14,98,2,3,97,4,95,0,96,0,99,0,0,25,28,0,26,33,30,27,31,0,60,0,56,59,64,0,0,63,62,85,0,0,88,89,90,0,92,93,94
91,0,93,86,94,89,88,0,85,92,48,0,0,50,0,0,46,49,53,0,0,19,21,17,20,24,18,23,15,0,44,35,36,41,43,38,0,39,37,42,11,13,9,5,10,12,6,14,7,8,0,76,0,78,80,81,0,79,75,0,0,72,73,67,74,0,70,66,71,69,99,4,95,0,2,96,3,100,97,1,31,30,25,26,29,34,28,27,33,32,0,0,0,58,59,60,0,62,0,0
1,97,3,96,0,0,0,100,0,2,0,55,57,60,62,0,0,0,63,61,32,29,0,27,30,34,28,33,0,26,54,45,46,51,0,48,50,0,47,0,21,23,19,15,20,22,16,24,17,18,87,0,92,88,0,0,0,89,85,94,78,82,83,0,0,0,0,0,81,0,0,0,5,8,12,6,0,10,0,0,41,0,0,0,39,44,38,0,43,0,65,66,67,68,0,70,71,72,73,74
41,0,43,36,0,39,38,40,35,42,98,95,97,0,2,4,96,99,0,1,0,0,71,0,0,0,68,73,0,66,0,85,0,91,93,88,90,0,0,92,61,63,59,55,60,62,0,0,57,58,0,26,32,28,30,31,33,29,0,34,18,22,0,17,24,15,0,16,0,19,49,0,45,48,0,46,0,0,47,51,0,80,75,76,0,84,0,0,83,82,5,6,7,8,9,10,11,12,13,0
31,27,33,26,0,29,28,30,0,32,88,85,87,90,92,94,86,89,93,91,62,59,61,0,60,0,58,63,0,0,0,75,76,81,83,78,80,0,0,0,51,53,0,0,0,52,46,54,47,48,17,16,0,18,20,21,23,19,15,24,0,12,13,7,14,0,10,6,11,9,39,44,35,38,42,36,43,0,37,41,0,0,65,66,69,74,68,0,73,0,95,0,0,98,99,0,1,2,3,0
51,47,53,46,54,49,48,0,45,52,8,5,0,10,12,14,6,9,13,11,82,0,81,77,0,0,78,83,75,76,4,95,96,0,3,98,100,99,0,2,71,73,69,65,0,0,66,74,67,0,0,36,42,38,40,41,43,39,0,44,0,32,33,27,34,25,0,26,31,0,0,64,0,58,62,56,63,0,57,61,91,90,85,86,0,94,88,87,93,0,15,16,0,18,0,20,21,22,23,24
39,35,41,34,42,37,36,0,33,40,96,93,95,0,100,2,94,97,0,0,0,0,69,0,68,72,66,71,0,0,92,83,84,89,91,0,88,0,0,90,0,61,57,53,58,0,54,0,55,0,25,24,30,26,0,29,31,27,0,32,16,20,21,15,22,13,18,14,19,17,47,0,43,46,50,44,51,0,45,49,79,78,73,0,77,82,76,75,81,0,0,4,0,6,7,8,9,10,11,12
49,45,51,44,52,0,46,48,43,0,6,0,5,8,10,12,4,7,11,0,80,77,79,75,78,82,76,81,73,0,0,0,94,99,0,96,0,97,0,100,69,71,0,63,68,70,0,72,0,66,35,34,0,36,38,39,41,37,33,42,26,30,31,25,32,23,28,24,29,27,57,62,0,56,60,54,61,0,55,59,89,88,0,84,0,0,0,85,91,90,13,14,15,0,0,18,19,0,21,22
29,25,31,0,32,27,0,28,23,30,86,83,85,88,90,92,84,87,91,89,60,0,0,55,0,0,0,0,0,54,82,73,74,79,81,0,78,77,0,80,49,51,0,43,48,50,44,52,0,46,15,0,20,16,18,19,21,17,0,22,6,0,11,5,12,3,0,4,9,7,0,42,0,36,0,34,41,38,35,39,0,68,63,64,0,72,66,65,0,70,93,0,95,96,97,98,99,100,1,2
0,5,0,4,12,7,0,8,0,10,66,63,65,0,70,72,0,67,71,69,40,37,0,35,0,42,36,41,0,34,62,53,54,59,0,56,58,57,55,60,29,31,27,23,28,30,24,32,25,26,0,94,100,96,98,99,1,97,93,0,86,90,91,85,92,0,88,84,89,87,17,22,0,16,20,14,21,18,0,19,49,0,43,0,47,0,0,45,51,50,73,74,75,0,0,78,79,80,81,82
69,65,0,64,72,67,0,0,63,70,26,23,25,0,0,0,24,27,31,0,0,97,0,0,98,2,96,1,93,0,22,0,14,0,21,16,18,17,15,20,89,91,0,83,88,90,84,92,0,86,55,54,60,56,0,59,61,57,53,62,46,50,51,45,0,0,48,0,0,47,0,0,73,0,80,74,81,78,75,79,9,0,3,4,7,12,0,5,11,10,33,34,0,0,37,0,39,40,41,0
0,55,61,54,62,57,56,58,53,60,16,13,15,18,20,22,14,17,21,19,90,87,89,85,0,0,86,91,83,84,12,0,4,0,11,6,0,7,0,10,0,81,77,0,0,80,74,0,75,76,45,44,0,0,0,49,51,0,43,52,36,40,41,35,42,33,38,34,0,37,67,72,63,66,70,0,71,68,65,69,99,98,93,0,97,2,96,0,1,100,0,0,25,26,27,0,29,30,0,0
89,85,91,84,92,87,86,0,83,0,46,43,45,0,50,52,0,47,51,49,20,17,0,0,18,22,16,21,0,14,0,0,34,39,41,36,38,37,0,0,0,11,7,3,8,10,4,12,5,0,75,74,80,76,0,79,81,77,73,0,0,70,71,65,72,63,68,0,69,0,0,2,93,96,100,94,0,98,95,99,29,28,23,24,27,32,26,25,31,30,53,0,55,56,57,58,0,60,61,0
99,95,0,94,0,0,0,98,93,100,56,53,55,58,60,62,54,57,61,0,0,0,0,0,0,32,26,31,23,24,52,43,44,49,51,46,0,47,45,50,19,21,17,13,0,20,14,0,0,16,85,84,90,86,88,89,91,87,83,0,76,80,81,0,82,73,78,74,79,0,7,0,3,6,10,4,11,8,5,9,39,38,0,34,0,42,0,35,41,40,0,64,65,66,67,68,69,70,71,72
0,75,81,0,0,77,76,78,0,0,36,0,35,0,40,42,34,37,0,39,0,7,9,5,8,12,6,0,0,4,32,0,24,29,0,26,0,27,25,30,99,1,97,93,98,100,94,2,95,96,65,0,70,0,0,69,71,67,63,72,56,60,61,0,62,53,58,54,59,57,87,92,83,86,90,84,0,88,85,89,0,0,13,14,17,22,16,15,21,0,43,44,45,46,47,48,0,50,51,52
0,15,21,14,22,17,16,18,13,0,76,73,75,78,80,82,74,77,81,79,0,0,49,0,48,52,0,0,43,44,0,0,64,69,71,66,0,67,65,70,39,41,37,33,0,0,34,42,35,36,5,4,10,6,8,0,11,0,3,12,96,100,0,95,0,0,98,94,0,97,27,32,23,26,30,0,31,28,25,29,59,0,53,54,57,62,56,55,61,60,83,84,85,86,87,0,89,90,91,92
0,58,0,57,65,60,59,61,56,63,19,16,18,21,23,25,0,0,24,22,93,0,92,88,91,95,89,94,0,0,0,6,7,12,0,9,11,10,0,13,82,84,0,0,81,0,77,85,0,79,48,47,0,49,51,0,54,50,46,55,39,0,44,38,45,36,41,0,42,40,70,75,66,0,73,67,0,0,68,72,2,0,96,97,100,0,0,98,0,3,26,27,0,29,30,31,32,33,34,35
0,8,0,0,0,10,9,0,6,0,69,66,68,0,73,75,67,70,74,72,0,40,0,38,41,45,39,44,36,37,65,56,57,62,0,0,61,60,58,0,32,0,0,26,0,33,27,35,0,29,98,97,3,99,1,2,4,0,96,0,89,93,94,0,95,86,91,0,92,0,0,0,16,19,23,17,24,21,0,22,0,51,0,47,50,55,49,48,54,53,76,77,78,0,80,81,82,83,84,85
52,48,54,0,55,0,49,51,46,53,0,0,8,0,13,15,0,10,0,12,0,80,82,78,0,85,79,84,76,77,5,96,97,0,4,99,0,100,98,3,0,74,70,66,0,0,67,75,68,69,0,37,43,39,41,42,44,40,36,45,29,33,34,28,35,26,0,27,0,30,0,0,56,0,63,57,64,61,0,62,92,0,86,87,90,0,89,88,0,93,16,0,18,0,20,0,22,0,24,25
42,0,44,0,45,40,0,41,36,43,99,96,98,1,3,0,97,0,4,2,73,70,0,68,71,75,69,74,66,67,95,86,87,92,94,0,91,90,88,93,62,64,60,56,0,63,57,65,0,59,28,27,33,0,31,32,34,30,26,35,19,23,24,0,25,16,21,17,0,20,50,55,46,0,53,47,54,51,48,52,0,0,76,77,80,85,79,0,84,0,0,0,0,9,10,11,12,13,14,15
72,68,74,67,75,70,0,0,66,73,29,26,28,31,33,35,0,30,0,32,3,0,2,0,1,0,0,4,96,97,0,16,17,0,0,19,21,20,0,23,92,0,90,0,91,93,87,95,88,89,58,57,63,59,61,62,0,60,56,65,0,53,54,0,0,46,51,47,52,50,80,85,76,79,83,77,84,0,78,0,12,11,6,7,10,15,9,0,14,13,36,37,38,0,40,41,42,43,44,45
22,18,0,17,25,20,19,0,16,23,79,0,0,81,83,85,0,80,0,0,53,50,52,48,51,55,49,0,46,0,75,66,67,0,74,69,71,70,0,73,42,44,0,0,41,43,37,45,38,39,8,7,13,9,11,12,14,0,6,15,99,3,4,98,5,0,0,97,2,100,30,35,26,29,33,0,0,31,28,32,62,61,0,57,60,65,59,58,64,63,86,0,88,89,90,91,92,93,94,0
82,78,84,0,85,80,0,81,76,0,39,36,38,41,0,45,37,0,0,0,13,10,0,8,11,15,9,14,6,7,35,26,27,32,34,29,0,30,28,0,2,4,0,0,0,3,97,5,98,99,68,67,73,69,71,72,74,70,66,75,59,63,0,58,0,56,0,0,62,0,90,0,86,89,93,87,94,0,88,92,0,0,16,0,20,25,19,18,24,23,46,47,48,49,0,51,52,53,54,55
32,0,34,27,0,30,0,31,26,33,89,0,88,91,93,0,0,0,94,92,63,60,62,58,61,65,59,64,56,57,0,76,77,82,84,79,81,80,78,83,52,54,50,46,0,0,47,55,48,49,0,17,0,0,21,0,24,20,16,25,0,13,14,8,15,6,0,7,12,10,40,0,36,0,0,37,44,41,38,42,72,0,66,0,70,75,69,0,74,0,96,97,98,99,100,1,2,3,4,5
2,98,4,0,5,100,99,0,96,3,59,56,58,0,63,65,0,60,64,62,33,30,0,28,31,35,29,34,26,0,55,46,47,52,54,49,51,50,48,0,0,24,20,16,21,23,17,0,18,19,0,87,93,89,91,92,94,90,86,95,79,0,0,0,85,76,0,77,82,0,10,15,6,9,13,7,14,0,8,12,42,41,36,37,40,0,39,0,44,0,0,67,68,0,70,71,0,73,74,75
92,88,94,0,0,90,89,0,86,93,49,0,48,51,0,0,47,50,54,52,23,20,0,0,0,0,0,0,0,17,45,0,37,42,44,0,41,40,38,43,12,0,10,6,11,0,7,15,0,9,78,77,83,0,81,82,84,80,76,85,69,73,74,0,0,66,71,67,72,70,100,0,96,0,0,97,4,0,98,2,32,31,26,27,0,0,29,28,0,33,56,57,58,59,60,61,62,63,64,65
77,73,79,72,80,75,0,76,71,78,34,31,33,0,38,40,32,35,39,37,0,5,0,0,6,10,4,9,1,0,30,21,0,27,29,24,26,25,23,0,97,99,95,91,96,98,92,100,93,94,0,62,0,64,66,67,69,0,61,70,54,0,59,53,60,51,56,0,57,55,85,90,81,0,88,0,89,86,83,87,17,0,0,12,0,20,14,0,19,18,41,42,43,44,0,46,0,0,49,50
0,83,89,82,90,85,84,86,81,88,0,41,43,46,48,50,42,45,49,47,18,15,0,13,16,0,14,19,11,12,40,0,32,37,39,34,36,35,33,38,0,9,0,0,6,0,0,10,3,4,73,72,78,74,76,0,79,75,71,80,64,0,69,63,0,0,66,62,67,65,0,100,0,94,0,0,99,96,93,97,27,26,0,22,25,30,24,23,0,28,51,52,0,54,55,56,57,58,59,60
47,43,49,0,50,45,44,0,41,0,4,1,3,6,8,10,2,0,9,7,0,75,0,73,76,80,74,0,71,72,100,91,92,97,99,94,96,95,93,98,67,69,65,61,66,68,62,70,63,0,33,32,38,34,36,37,0,0,31,40,24,28,29,23,30,21,26,22,27,25,55,60,0,54,58,52,59,56,53,57,87,86,81,0,85,90,0,83,89,88,11,12,0,14,0,16,0,0,19,0
0,53,0,52,0,55,0,56,51,58,14,11,0,16,18,20,12,15,19,17,88,85,0,0,86,0,0,89,81,82,10,1,0,7,9,4,0,5,0,8,77,0,75,71,76,78,0,80,73,74,43,0,48,44,0,47,49,45,41,0,34,38,39,33,40,0,36,32,37,35,65,70,61,64,68,62,69,66,63,67,97,96,91,0,95,0,94,0,99,98,21,22,0,24,25,0,0,28,29,30
17,0,0,0,20,15,14,16,11,18,74,0,73,76,0,0,72,75,0,77,48,45,47,43,0,50,44,49,0,0,70,0,0,0,0,0,66,65,63,0,37,39,35,0,0,0,32,40,33,34,3,2,0,4,6,7,9,0,1,0,94,98,0,93,100,91,0,92,0,95,25,30,0,0,28,22,29,0,23,0,57,0,51,52,55,60,54,53,59,58,81,82,83,84,85,86,87,88,89,90
7,3,9,2,0,5,4,0,1,0,0,0,63,66,68,70,62,65,69,67,38,0,37,0,36,40,34,39,31,0,60,51,52,57,59,0,56,0,53,0,27,29,25,21,26,0,22,0,23,0,0,0,0,0,96,97,99,95,91,100,84,88,89,83,0,81,86,82,87,85,15,0,0,0,0,12,19,16,13,17,47,46,41,42,45,50,44,43,49,48,0,72,73,0,75,76,77,78,79,80
0,93,99,92,0,95,94,0,91,98,54,51,53,56,58,60,0,0,0,57,28,25,0,23,26,0,24,29,0,22,50,41,42,47,49,44,0,45,0,0,17,19,15,11,16,18,12,20,13,0,0,0,88,84,86,87,89,85,81,90,74,0,79,73,80,0,76,72,0,75,5,10,1,4,0,2,0,0,3,7,37,36,31,32,35,40,34,33,39,38,61,62,63,0,65,66,0,68,69,70
0,33,39,32,0,35,34,36,31,38,94,91,0,96,98,100,92,95,99,0,68,0,67,63,66,70,64,69,61,62,0,0,0,87,89,84,86,85,0,88,57,0,55,51,56,58,52,0,53,54,23,22,28,24,0,27,29,0,21,0,14,18,19,13,20,11,16,12,17,15,45,50,41,44,0,42,0,0,43,47,77,76,71,72,75,0,74,73,79,0,0,2,3,4,0,6,7,0,0,0
27,23,29,22,30,0,24,0,21,28,84,81,83,86,88,90,0,85,89,0,58,55,57,53,56,60,54,0,51,52,0,71,72,77,79,74,76,75,0,78,47,49,45,41,46,48,42,50,43,44,13,12,18,0,16,17,19,15,11,20,0,8,9,0,0,1,6,0,7,0,35,40,31,34,38,32,39,36,33,37,67,66,61,62,65,70,64,0,69,68,0,0,0,0,0,0,0,0,0,100
67,63,69,62,70,65,64,66,61,68,0,21,23,26,28,30,22,25,29,27,98,0,97,93,96,100,94,99,91,92,20,0,12,17,19,14,0,15,13,18,87,89,85,81,86,88,82,90,83,84,53,0,58,54,56,57,0,0,0,0,44,0,49,43,50,41,0,42,47,45,75,0,71,74,78,72,79,0,73,0,7,6,1,0,5,10,4,3,0,8,0,0,33,34,35,0,0,38,39,40
56,0,58,51,59,54,0,55,50,0,13,10,12,15,0,19,11,14,18,0,87,84,0,82,0,89,0,0,80,81,9,0,0,6,0,3,5,4,2,7,0,0,74,70,75,77,71,79,72,73,42,0,47,43,45,46,0,44,40,49,33,37,38,32,39,30,35,31,36,34,64,69,60,63,67,61,0,65,62,66,96,95,90,91,94,99,93,92,98,97,20,21,22,0,24,25,26,27,28,0
0,0,88,81,0,84,0,85,80,0,43,40,42,0,47,49,41,44,48,46,0,0,16,12,15,0,0,18,0,0,39,0,31,0,0,33,0,34,0,37,0,8,4,0,5,7,1,9,2,3,72,71,77,0,75,0,78,74,70,79,63,67,0,62,69,60,65,61,66,64,94,99,0,93,97,91,98,95,92,96,26,25,20,21,24,29,0,22,28,27,50,51,52,53,54,55,56,57,58,0
0,12,18,11,19,14,0,15,10,0,0,0,72,75,0,79,71,74,78,76,47,44,0,42,45,49,43,48,0,41,69,0,0,0,68,63,65,64,62,67,36,38,34,30,35,0,31,39,32,0,2,0,0,3,5,6,0,0,0,9,93,0,98,92,0,90,95,91,96,0,24,29,20,23,27,21,0,25,22,26,56,55,50,0,54,59,53,52,58,57,80,81,82,0,84,85,0,87,0,89
96,0,0,91,0,94,0,95,90,97,0,50,52,55,57,59,0,54,0,56,27,0,26,22,25,0,23,0,20,21,49,0,0,46,48,43,45,44,0,47,16,18,0,10,15,17,0,19,12,0,82,81,0,0,85,0,88,84,80,0,73,0,78,0,79,70,75,0,76,74,0,9,100,3,0,1,0,5,2,6,36,35,0,0,34,0,33,32,38,37,60,61,62,63,64,65,0,0,68,0
0,62,68,61,69,64,63,65,60,67,23,20,22,25,27,0,21,24,0,26,0,0,96,92,95,99,0,98,0,91,19,10,11,16,18,0,15,14,12,17,86,0,84,0,85,87,81,89,82,83,52,51,0,53,55,56,0,54,50,59,43,47,48,42,49,40,45,41,46,44,0,79,0,73,77,71,78,0,72,76,0,0,100,0,0,9,3,2,8,7,0,31,32,0,34,0,36,0,0,39
46,42,0,41,49,44,0,45,40,47,0,100,2,5,7,9,1,4,8,6,77,74,76,0,75,79,0,78,70,71,0,90,91,96,98,0,0,94,0,97,66,0,0,60,0,67,61,69,62,63,32,31,37,0,35,0,38,34,30,39,23,27,0,22,29,20,25,0,26,24,54,59,50,53,0,51,0,55,0,56,0,85,0,81,84,89,83,82,88,87,0,11,12,13,0,15,16,0,18,19
26,22,28,0,29,24,23,25,20,27,83,80,0,85,0,89,81,84,88,86,0,54,0,52,0,59,53,0,50,51,79,70,71,76,0,73,75,74,72,77,46,48,44,40,45,47,41,49,42,43,12,11,17,13,15,16,18,14,10,19,3,7,8,0,9,0,0,1,6,4,34,39,30,33,37,0,38,35,32,36,66,65,60,61,0,69,0,62,0,67,90,91,0,93,0,0,96,97,0,99
76,72,78,71,79,74,0,0,70,77,33,0,32,35,37,39,0,34,38,36,7,4,6,2,5,9,3,8,100,0,0,0,0,26,0,0,25,24,22,0,0,0,0,90,95,97,0,0,92,93,62,61,67,63,0,66,0,0,60,0,53,57,58,52,59,50,55,51,56,54,84,89,80,83,87,81,88,85,82,0,16,15,0,11,14,0,13,12,18,17,0,41,42,43,0,45,46,0,48,0
6,0,8,1,0,0,0,0,100,0,0,60,62,65,67,69,61,64,0,66,0,0,0,32,35,39,33,38,30,31,59,50,51,56,58,53,55,54,52,57,26,28,0,0,0,27,21,29,22,23,92,91,97,0,95,96,98,94,90,99,83,87,88,82,89,80,85,81,0,84,14,0,0,13,17,11,18,0,0,0,46,45,40,41,44,49,43,42,48,47,0,71,72,73,74,0,76,77,78,79
36,32,38,31,39,34,33,0,30,37,93,90,92,95,97,99,91,94,0,96,0,64,66,62,65,69,0,68,60,61,89,80,0,86,88,0,85,0,82,87,56,58,0,50,55,57,51,0,0,53,22,21,27,23,0,26,28,24,0,29,13,17,0,0,19,10,0,11,16,14,44,49,0,43,47,41,48,45,42,0,76,0,70,71,74,0,73,72,78,77,100,1,2,3,4,5,0,7,8,9
25,21,0,20,28,23,22,24,19,26,0,79,81,0,86,88,80,83,87,0,56,53,55,51,54,0,0,57,49,50,78,69,70,0,77,72,74,73,71,76,0,0,0,39,44,0,40,48,41,42,11,10,0,12,14,15,0,13,9,0,0,6,7,0,8,99,4,100,5,3,0,38,29,32,36,0,37,34,31,0,0,64,59,60,63,68,0,61,0,0,0,90,91,0,93,94,95,96,97,98
35,31,37,30,38,0,32,34,29,36,92,89,0,94,0,0,0,93,97,95,66,63,65,61,64,68,62,0,59,0,0,79,80,85,87,82,84,0,81,0,0,57,0,49,54,56,50,58,0,52,21,20,0,22,24,0,0,23,19,28,12,16,0,11,18,9,14,10,15,13,43,48,39,42,46,0,47,0,0,45,0,0,0,0,73,78,72,0,77,0,99,100,1,0,3,4,5,0,7,8
45,0,47,40,0,43,42,44,0,46,2,99,0,4,0,8,100,3,0,5,0,73,75,0,74,78,72,0,0,70,98,89,90,95,97,92,0,93,91,96,65,67,63,59,64,66,60,0,61,62,0,30,36,32,34,0,0,0,29,0,22,0,27,21,28,19,0,20,25,0,53,58,49,52,56,50,57,54,0,55,0,84,79,80,0,0,82,0,87,0,9,0,11,0,13,14,15,16,17,18
95,91,97,0,98,93,92,94,89,0,52,49,51,54,56,0,50,53,57,55,26,23,25,0,0,28,22,27,19,20,48,39,40,0,47,0,44,0,41,46,15,17,13,9,14,0,10,18,11,12,81,80,0,82,84,0,87,83,79,88,72,76,77,71,0,69,74,0,75,73,0,8,0,2,6,100,7,4,1,5,35,0,0,30,33,38,32,0,0,36,59,60,0,62,63,0,65,66,0,68
0,71,77,0,78,0,0,74,69,76,0,29,0,0,36,0,30,0,37,35,6,3,5,1,4,8,0,0,99,100,28,19,20,25,0,22,24,0,21,0,95,97,93,0,94,96,90,98,91,92,61,60,66,62,64,65,0,63,59,68,0,0,57,51,58,49,54,50,55,53,83,88,79,82,86,0,0,84,81,85,0,14,0,10,0,0,12,11,17,0,39,40,41,42,43,44,45,0,47,48
55,51,0,50,58,53,52,54,49,56,0,9,0,14,0,18,10,13,17,0,86,83,85,81,84,88,82,87,79,80,8,99,100,5,7,0,4,0,1,6,75,77,73,0,74,0,0,78,71,72,0,40,46,0,44,45,47,43,0,48,32,36,37,0,0,29,34,30,35,33,63,68,59,62,66,60,67,64,0,0,95,0,0,90,93,0,92,0,97,96,19,0,21,22,0,24,25,26,27,28
15,11,17,10,18,13,12,14,9,16,0,69,71,74,76,78,0,73,77,75,0,43,45,0,44,48,0,47,0,40,68,59,60,65,0,62,64,63,0,66,35,37,0,29,34,36,30,38,31,0,0,100,0,2,4,5,7,0,0,0,92,96,97,91,98,89,94,0,95,93,23,28,19,22,26,20,27,24,21,25,55,54,0,0,53,58,52,0,57,0,79,80,81,0,83,84,85,86,87,88
5,0,7,100,8,0,2,0,99,6,62,59,61,64,0,68,60,63,67,65,36,0,35,31,0,38,32,0,0,30,58,49,0,55,57,0,0,53,51,56,25,0,23,19,0,26,20,28,0,22,0,0,96,92,94,95,97,93,0,98,82,86,87,81,88,0,84,80,85,83,13,18,9,0,0,0,0,14,11,15,0,0,39,40,43,0,0,0,47,0,69,70,71,72,0,74,75,76,0,78
65,61,67,60,68,63,0,64,0,66,0,19,21,0,26,28,20,23,0,0,96,93,95,91,94,98,0,97,89,90,18,9,10,0,17,12,14,13,0,0,85,0,83,79,84,86,80,88,0,82,51,50,0,52,54,55,57,0,49,58,0,46,47,41,0,0,44,40,45,43,73,78,69,72,76,70,77,74,0,75,0,4,99,100,0,8,2,0,7,6,29,30,31,0,0,34,35,36,37,38
85,0,87,80,88,83,82,84,79,86,42,39,41,44,46,0,40,43,47,45,16,13,15,0,14,18,0,17,9,10,0,29,30,35,0,32,34,33,31,36,0,0,3,99,4,6,100,8,0,2,71,70,76,72,74,0,77,73,69,78,62,66,0,61,0,59,64,60,65,63,93,0,89,92,96,90,97,94,91,0,25,24,0,0,23,28,22,0,27,26,0,50,51,52,53,54,0,0,0,0
88,84,90,83,91,86,85,87,82,89,0,42,44,47,0,51,43,0,50,48,19,0,18,14,0,21,0,20,12,13,41,32,33,38,40,35,0,36,34,39,0,10,6,2,7,9,3,0,4,0,74,73,79,75,0,78,80,76,0,81,65,69,70,64,71,62,67,63,68,66,0,0,92,95,99,93,100,0,0,0,28,27,0,0,26,31,25,0,30,29,52,0,54,55,56,57,58,59,60,0
48,44,0,0,0,46,45,47,42,0,5,0,4,7,9,11,3,6,10,8,79,0,78,74,77,81,75,80,0,0,1,92,0,0,100,95,97,96,94,99,68,70,66,62,0,69,0,71,64,0,34,33,39,35,37,38,40,36,0,41,25,29,30,24,31,22,0,0,28,26,56,61,52,55,0,53,60,57,0,0,0,87,0,83,0,0,85,84,90,0,12,13,0,15,16,0,18,19,20,21
58,54,0,0,61,56,55,57,52,59,15,0,14,17,19,0,0,16,20,18,89,0,88,84,87,91,0,90,82,83,11,2,3,8,10,5,7,6,4,9,78,80,76,0,77,79,0,81,74,0,44,43,0,45,47,48,50,46,42,51,35,39,40,34,41,32,37,33,38,36,0,71,62,65,69,63,70,67,0,0,98,97,0,93,0,1,0,0,0,99,22,23,24,25,0,27,28,0,30,0
0,94,100,93,0,96,95,97,0,99,55,0,54,57,0,61,53,56,60,58,0,26,28,24,27,31,25,30,22,23,51,42,43,48,50,0,0,46,44,49,18,0,16,12,17,19,13,21,14,15,84,83,89,85,0,88,90,0,0,91,75,0,0,0,0,0,77,73,78,76,6,11,0,5,9,0,10,7,4,0,0,37,0,33,0,41,35,34,40,39,62,0,64,65,66,67,0,69,70,71
28,24,30,23,0,26,25,27,22,29,85,82,0,87,0,91,83,86,90,88,59,56,58,0,57,0,0,60,52,53,81,0,73,78,80,75,77,76,74,79,48,0,0,42,47,0,43,51,44,45,14,13,0,15,17,0,0,16,0,21,0,9,0,4,11,2,0,3,8,6,36,41,32,35,0,33,40,0,34,0,68,67,62,0,66,0,65,0,0,0,0,93,0,95,96,0,98,99,100,1
78,74,80,73,81,76,75,77,0,0,35,32,34,37,39,41,33,0,40,38,9,0,8,0,7,0,0,10,2,3,31,22,23,0,30,25,27,0,0,29,98,0,96,0,0,99,93,0,94,95,64,63,0,65,67,68,70,66,62,71,55,0,60,0,61,52,57,0,58,56,86,91,0,85,0,83,90,87,84,0,18,0,0,13,16,21,15,0,0,19,0,43,44,45,46,47,48,49,50,51
18,14,20,13,21,16,15,17,12,0,75,72,0,0,79,0,73,76,80,78,49,46,48,44,47,0,0,50,42,43,71,62,0,68,0,65,0,0,64,69,38,40,0,32,37,0,0,41,34,35,4,3,0,5,7,8,0,6,0,11,0,99,100,0,1,92,0,93,0,96,26,31,22,25,29,0,0,27,0,28,58,57,0,53,56,61,55,54,0,0,82,83,84,85,86,87,88,89,90,91
0,64,0,63,71,66,0,0,62,0,0,0,24,27,0,0,0,0,30,0,0,96,98,94,97,1,0,100,92,93,21,12,13,18,20,15,17,16,0,19,88,90,0,0,87,0,83,0,84,0,54,53,59,0,57,58,60,56,52,61,45,49,50,44,51,42,47,43,48,46,76,81,72,75,0,73,80,0,74,0,8,0,2,3,0,0,5,0,10,0,32,33,34,35,36,37,38,39,40,41
38,34,40,33,41,36,0,37,32,0,0,0,94,97,99,1,0,0,100,0,69,0,68,64,67,71,65,0,62,63,0,82,83,88,90,0,87,86,84,89,58,60,0,0,57,59,53,61,54,55,24,0,29,0,27,28,0,26,22,31,15,19,20,0,21,12,0,13,18,16,46,51,0,45,49,0,50,47,44,48,0,77,72,73,76,81,75,0,80,79,0,3,4,5,6,7,8,9,10,11
8,0,10,0,11,6,5,7,2,0,65,62,64,67,69,71,0,66,70,0,39,36,38,34,0,41,35,40,32,33,0,52,53,58,0,0,57,56,54,59,28,30,26,22,27,29,23,31,24,25,0,93,99,0,97,98,0,96,92,1,85,89,90,84,91,82,87,83,0,86,16,21,12,0,19,0,0,17,14,18,48,0,42,43,46,0,45,44,0,49,72,0,0,75,0,77,0,0,80,81
24,20,26,19,27,22,21,23,18,25,81,78,80,0,0,87,79,82,86,84,55,52,54,50,0,0,51,0,0,49,77,68,69,74,76,0,73,72,70,75,44,46,42,38,43,45,39,47,40,41,0,0,15,11,13,14,16,0,0,17,1,5,6,100,7,98,0,99,4,2,32,37,0,31,35,29,36,33,30,34,64,0,58,0,62,0,61,60,0,0,88,89,90,91,0,93,94,0,96,0
34,30,0,29,0,0,31,33,0,35,91,88,90,93,95,0,0,0,96,94,0,62,64,60,63,0,61,66,0,0,87,78,79,84,86,81,0,0,80,85,0,0,0,48,53,55,0,57,50,51,0,19,0,0,23,24,26,22,18,0,11,0,16,10,17,8,13,9,14,12,42,47,38,0,45,39,46,43,0,0,74,73,68,69,72,77,0,70,76,0,98,0,100,1,0,3,0,5,6,7
14,10,16,0,0,12,11,0,8,15,0,68,70,73,75,77,0,72,0,74,45,42,44,40,0,47,41,46,38,39,67,58,0,0,0,61,63,62,60,0,0,36,32,28,33,35,0,37,0,0,0,99,5,0,3,4,6,0,98,7,0,95,96,90,97,88,93,0,94,92,0,27,18,21,25,0,26,0,0,24,0,53,48,49,52,57,51,0,56,55,78,0,80,81,82,0,84,85,0,87
94,90,96,89,97,92,91,0,88,95,51,0,50,53,55,57,49,52,56,54,25,0,24,20,23,0,21,26,18,19,0,0,39,44,0,41,0,42,40,45,14,16,12,0,13,15,9,0,10,11,80,0,85,0,83,0,86,82,0,87,71,75,76,70,77,68,73,0,74,72,0,7,0,0,0,99,6,3,0,4,34,33,0,0,32,37,31,0,36,35,58,59,60,0,62,0,64,0,66,67
64,0,66,59,67,0,61,63,58,65,21,18,0,23,0,27,19,22,26,24,95,92,94,90,93,97,91,0,88,0,0,0,9,14,16,11,0,12,10,0,84,0,82,78,0,85,79,87,0,0,50,49,55,51,53,54,56,52,48,0,41,45,0,0,47,38,43,39,0,0,72,77,68,0,75,0,0,73,70,74,0,3,98,99,2,7,1,100,6,5,28,29,30,31,32,33,0,0,0,0
74,70,76,69,77,72,71,73,68,0,0,28,0,0,0,37,0,0,36,0,5,2,4,100,0,7,1,0,0,99,27,0,19,24,26,21,0,22,20,25,94,96,92,88,93,95,0,97,0,91,60,59,65,61,63,0,66,62,58,67,51,0,56,50,57,48,53,49,54,0,82,87,78,81,85,79,0,83,0,84,14,13,0,0,12,17,11,0,0,0,38,0,40,41,42,43,44,45,46,47
54,50,0,49,57,0,51,53,48,0,11,8,0,13,15,17,9,0,0,0,85,82,84,80,83,87,81,86,78,79,0,98,99,4,0,1,0,2,100,5,74,76,0,68,0,75,69,0,0,0,40,0,45,0,43,44,46,42,38,0,31,0,36,30,0,28,33,0,0,32,62,0,58,61,65,59,0,63,60,64,94,0,88,0,92,97,0,90,0,95,18,19,20,21,22,23,24,25,0,27
0,40,46,39,0,0,41,43,38,45,0,98,100,3,0,0,99,2,6,4,75,72,74,70,73,0,71,76,68,69,97,88,0,94,96,91,0,0,0,95,64,66,62,0,63,65,59,0,0,61,0,29,35,31,0,34,36,32,0,37,21,25,26,0,0,18,23,0,24,22,52,57,48,0,55,0,56,53,0,54,84,83,78,79,82,0,0,80,0,0,8,9,10,11,12,13,0,15,0,0
0,0,86,79,87,82,81,83,0,85,41,0,40,43,0,47,39,42,46,0,15,0,14,0,0,17,11,0,8,9,37,28,29,0,36,31,33,0,0,35,4,6,0,98,3,0,99,7,100,1,70,69,75,71,73,0,76,72,68,77,61,0,66,0,67,58,63,59,64,0,0,97,0,0,95,89,96,0,0,94,24,23,18,19,22,27,0,20,0,25,48,0,0,51,0,0,54,0,56,57
4,100,6,99,0,2,1,3,0,5,61,0,60,63,65,67,59,62,66,64,35,32,34,30,33,37,31,36,28,0,57,48,0,54,56,51,53,52,50,55,24,26,0,0,23,0,19,27,20,21,90,89,95,91,93,94,96,92,88,0,0,85,86,80,87,0,0,79,0,0,0,17,8,11,15,0,0,13,10,0,44,43,38,39,0,0,0,0,46,45,0,0,70,71,0,73,74,0,76,77
