59,0,61,0,63,64,0,66,67,68,69,70,71,115,0,120,116,0,118,117,122,113,123,111,0,0,135,127,0,0,0,133,134,129,0,131,132,130,125,145,142,0,139,148,147,138,141,137,143,149,144,140,0,0,46,54,55,57,52,58,48,0,47,53,50,98,99,100,101,102,103,104,105,106,107,108,0,0,152,151,0,0,0,155,160,156,159,150,0,162,154,72,73,74,75,76,0,0,79,80,81,82,83,0,35,0,0,38,42,37,40,39,0,44,33,45,41,0,18,9,10,0,14,13,12,11,15,7,0,8,2,0,168,166,164,165,169,167,5,0,0,163,3,31,21,30,0,0,20,27,29,25,26,32,28,24,89,0,94,90,91,85,93,92,96,88,0,97,87
33,34,35,36,0,38,39,40,41,42,0,44,0,89,95,0,90,86,92,91,96,87,0,85,93,88,109,101,0,102,110,107,108,103,98,105,106,0,99,119,116,120,113,122,121,112,115,111,117,123,118,114,23,25,0,28,29,31,26,32,22,30,0,27,24,72,73,0,75,76,77,78,79,80,81,82,83,84,126,125,135,0,132,129,134,130,133,124,0,136,128,46,47,48,49,50,0,52,0,54,0,56,57,58,0,8,0,12,16,0,14,0,17,18,7,19,15,160,161,152,153,162,157,0,155,0,0,0,159,0,0,0,0,140,138,139,143,141,0,147,149,137,146,5,164,4,166,165,163,1,3,168,169,6,2,167,63,69,0,0,0,59,0,66,0,0,60,71,61
98,0,100,101,102,103,0,105,106,107,108,109,110,154,160,0,155,151,157,156,0,152,162,0,158,153,5,0,0,167,6,3,0,0,0,1,0,0,164,15,12,16,9,18,17,8,0,0,13,19,0,0,88,90,0,93,94,96,91,97,87,95,86,0,89,137,138,139,140,141,142,143,144,0,146,0,148,149,22,21,31,0,28,25,30,26,0,20,23,0,24,111,112,113,114,0,116,117,118,119,120,121,0,123,74,73,75,77,81,76,79,78,82,83,72,0,80,56,57,48,49,58,53,0,51,50,54,46,55,47,41,40,38,36,34,35,39,37,0,43,45,33,0,0,60,0,62,61,59,66,68,64,0,71,0,0,128,134,133,0,130,124,132,0,135,0,125,136,126
137,138,139,140,0,142,143,144,145,146,147,148,149,0,30,29,25,0,27,26,0,22,32,20,28,0,0,36,35,37,0,0,43,38,33,40,41,39,34,54,51,55,48,57,56,47,0,0,52,58,53,49,127,0,124,132,133,0,130,136,126,134,125,131,128,7,8,9,10,11,12,13,0,15,16,17,18,19,61,0,70,0,0,64,69,65,68,59,0,71,63,150,151,152,153,154,155,156,157,158,0,0,161,0,113,112,114,0,120,115,118,0,121,0,111,123,119,95,96,87,88,0,0,91,90,89,93,85,94,86,0,79,77,75,73,0,78,0,83,82,84,72,81,0,99,0,101,0,98,0,0,103,104,0,106,102,0,0,0,0,169,163,0,0,0,166,164,6,165
163,0,165,166,167,168,169,0,2,3,0,5,6,50,56,55,51,47,0,0,57,48,58,46,54,49,70,62,61,63,71,68,69,0,59,66,67,65,60,80,77,81,74,0,0,73,76,0,78,84,79,0,153,155,150,158,159,161,156,162,152,160,151,157,154,33,34,0,36,37,38,39,40,41,0,43,44,0,87,86,96,92,0,90,95,0,94,85,88,97,89,7,0,9,10,11,0,13,0,15,16,17,18,0,139,0,0,142,146,0,144,0,147,148,137,149,145,121,122,113,0,123,118,117,116,115,119,111,120,0,106,105,103,101,99,100,0,102,109,108,0,98,107,135,125,134,127,126,124,131,0,129,130,136,132,128,0,30,29,25,0,20,28,0,31,23,0,32,0
85,86,87,88,89,0,91,92,0,0,0,96,97,141,147,146,142,0,144,0,0,139,149,137,145,140,161,0,152,154,162,159,160,155,150,157,158,156,151,2,168,0,165,5,4,164,167,163,0,0,1,166,0,77,72,80,0,83,0,0,74,82,73,79,76,124,0,126,127,128,129,0,131,132,133,134,135,0,9,8,18,14,0,12,17,13,16,7,10,19,0,98,99,100,101,0,103,104,0,106,107,0,109,110,61,60,62,0,68,63,66,65,0,70,59,71,67,43,44,35,36,45,0,39,0,0,41,33,42,0,28,27,0,23,0,22,26,0,31,0,32,20,0,57,47,56,49,48,46,53,0,51,52,58,54,50,115,121,120,116,117,111,119,118,0,114,112,123,113
0,47,48,49,50,0,0,53,54,0,56,57,0,102,108,107,0,99,105,104,109,100,0,98,0,101,122,114,113,115,123,120,121,116,0,118,0,117,0,132,129,133,126,135,134,125,0,0,130,136,0,0,36,38,0,41,42,0,39,0,35,43,34,40,37,0,86,87,88,89,90,91,92,93,94,95,96,97,139,138,148,144,145,142,0,143,146,137,140,0,141,59,60,61,62,63,64,65,66,67,0,69,70,71,22,21,23,25,29,0,27,0,30,31,20,32,28,4,5,165,166,6,1,169,168,167,2,163,3,164,158,0,155,0,151,152,156,154,0,160,162,150,159,18,8,17,10,9,0,14,16,12,13,0,15,11,76,0,0,77,78,72,80,79,83,0,73,84,0
124,125,126,0,128,0,0,131,132,133,134,135,0,11,17,16,12,8,14,13,18,9,19,7,15,10,31,23,0,0,32,0,30,25,20,0,28,26,0,41,38,42,35,44,0,34,37,33,39,45,40,36,114,0,0,119,120,0,117,123,113,121,112,118,115,0,164,165,166,167,168,169,1,2,3,4,5,6,0,47,57,0,54,51,56,0,55,46,49,58,50,137,138,139,140,141,0,0,144,145,146,147,148,149,100,99,0,0,107,102,105,104,108,109,0,110,0,82,83,74,75,84,79,78,0,76,0,72,81,73,67,66,64,62,60,61,65,63,70,69,71,59,68,96,86,0,88,87,85,92,94,90,91,97,93,0,154,160,159,155,0,0,158,0,0,153,151,162,0
72,0,74,75,76,77,78,79,80,0,82,83,0,128,134,133,129,0,131,130,135,126,136,0,132,127,148,140,139,0,149,0,147,142,137,144,145,143,138,158,155,0,152,161,160,151,0,150,156,0,157,153,62,64,59,67,68,70,65,71,61,0,60,66,63,111,0,0,114,115,0,117,118,119,120,0,122,0,165,164,5,1,2,168,4,169,3,0,0,6,167,85,86,87,88,89,90,0,92,93,94,95,96,97,48,47,0,51,55,50,53,0,56,57,46,58,54,30,0,22,23,32,27,26,25,24,28,20,29,21,15,14,0,10,0,0,13,11,0,17,19,7,16,44,0,43,36,35,0,0,42,38,39,45,41,37,102,108,107,0,0,0,0,105,109,101,99,110,0
150,151,152,153,154,155,156,0,158,159,160,0,162,0,0,42,38,34,40,39,44,35,45,33,41,36,57,49,48,50,0,55,0,51,46,53,54,52,47,67,64,68,61,70,69,0,63,59,65,71,0,62,0,142,137,145,146,148,143,149,139,147,0,0,141,0,21,22,23,24,25,26,27,28,29,30,0,32,74,73,83,79,80,77,82,78,81,72,75,84,76,163,164,165,0,0,0,169,1,0,3,0,5,0,126,125,127,129,133,128,131,0,134,135,124,136,0,108,109,100,0,110,105,104,103,102,106,98,107,99,0,92,90,88,86,0,0,89,0,95,0,85,94,122,112,121,114,113,111,118,120,0,117,123,119,115,0,17,16,12,0,7,15,0,0,0,8,19,0
20,21,0,23,24,25,26,27,28,0,30,0,32,0,82,0,77,73,79,78,83,0,84,0,80,75,96,88,87,89,97,94,95,90,85,92,93,91,86,0,0,0,0,109,108,99,0,98,104,0,0,101,10,12,7,15,16,18,13,0,9,17,8,0,11,0,60,61,62,0,64,65,0,67,68,69,70,71,113,112,122,118,119,116,121,117,120,111,114,123,115,33,34,0,36,37,0,39,40,41,42,0,44,45,165,0,166,0,3,167,1,169,4,5,163,0,2,147,148,0,140,149,0,143,142,141,145,137,146,138,132,131,129,127,125,0,130,128,135,134,136,124,133,161,151,160,153,152,150,0,0,0,156,162,0,154,50,56,55,0,52,46,54,0,0,49,47,58,48
111,112,113,114,115,116,117,118,119,120,121,0,123,167,4,3,168,0,1,169,5,165,6,163,2,166,18,10,9,11,19,16,0,12,7,0,15,13,0,28,0,29,22,0,0,21,24,20,26,32,27,23,0,103,98,106,107,0,104,0,100,108,0,0,102,0,0,152,153,0,155,156,0,158,0,0,161,0,0,34,0,40,41,38,43,39,42,33,36,45,37,124,125,126,0,128,129,130,131,132,133,134,135,136,87,86,88,0,94,0,92,91,95,0,85,97,93,69,70,61,62,71,66,65,64,63,67,59,68,60,54,53,51,0,47,48,52,0,0,56,0,46,55,83,73,82,0,0,0,79,81,77,0,84,80,76,141,147,146,142,143,137,145,0,148,140,138,149,139
7,8,0,10,11,12,13,14,15,16,17,18,19,63,0,68,0,60,66,65,70,61,71,59,67,62,0,75,74,76,84,81,82,77,72,79,80,0,0,93,90,94,0,96,0,0,89,85,0,97,92,88,166,168,163,2,0,0,169,6,165,4,164,0,0,46,47,0,49,0,51,52,53,54,0,56,57,0,100,0,109,105,106,103,108,104,107,98,101,110,102,20,21,22,0,24,25,26,27,28,29,30,0,32,0,151,153,155,159,154,157,156,160,161,150,162,158,134,0,126,127,136,131,0,129,128,132,0,133,125,0,118,116,114,112,113,117,115,0,121,0,111,0,148,0,147,0,0,137,144,146,0,143,149,145,141,37,0,42,38,39,33,41,40,44,0,34,45,35
160,161,162,163,164,165,0,167,168,169,1,2,0,47,0,0,48,44,0,49,54,45,55,43,0,46,67,59,0,60,0,0,66,61,0,0,64,62,57,77,74,78,0,80,79,70,0,0,75,0,76,72,150,152,147,155,156,158,153,159,149,0,148,154,151,30,31,32,33,34,35,36,37,38,39,0,0,0,84,83,93,89,90,87,92,0,91,82,85,94,0,4,0,0,7,0,9,0,11,12,13,0,15,16,136,135,137,0,143,138,141,140,144,145,134,146,142,118,0,110,111,120,0,0,113,112,116,108,117,109,103,102,100,0,96,0,101,99,106,105,107,95,104,132,122,131,124,0,121,128,130,0,127,133,129,125,0,27,0,22,0,17,25,24,0,20,18,29,19
0,96,0,98,99,0,101,102,103,104,105,106,107,0,157,156,152,148,154,153,158,149,0,147,155,150,2,0,162,164,3,169,0,165,160,167,168,166,161,0,9,13,6,0,14,5,0,4,10,16,11,7,0,87,82,90,91,93,88,94,84,92,83,89,86,134,135,0,0,138,139,0,141,142,143,144,145,146,19,18,0,24,0,22,0,0,26,17,20,29,0,108,0,110,111,112,0,114,115,116,117,118,119,120,71,70,72,74,78,73,0,75,79,80,69,81,77,53,54,0,0,55,50,49,48,47,51,43,52,44,0,37,35,33,31,32,36,34,41,40,42,0,39,67,57,66,59,58,56,63,65,0,0,68,64,60,125,131,130,0,127,121,0,128,0,124,122,133,123
0,44,45,46,47,48,49,50,51,52,53,54,55,99,105,104,100,96,102,101,106,97,107,0,103,98,119,0,110,0,0,0,0,113,108,115,0,0,109,129,126,130,0,132,131,122,125,121,127,133,128,124,33,35,30,38,39,41,0,42,32,0,31,37,34,82,83,84,85,86,87,88,89,0,91,0,93,0,136,135,145,141,142,139,144,0,143,134,137,146,138,0,57,58,0,60,61,0,0,64,0,0,67,68,0,18,20,0,0,21,24,23,0,28,0,29,25,1,2,162,163,3,167,166,165,0,168,160,169,161,155,0,152,150,148,149,0,151,158,157,159,147,156,15,5,14,7,6,4,11,0,9,10,16,12,0,73,79,0,74,0,69,77,76,80,72,70,81,71
82,83,84,0,86,0,88,89,90,91,0,93,94,0,144,143,139,0,141,140,145,136,146,134,142,0,158,150,149,151,0,156,0,152,147,0,155,153,148,168,165,169,162,0,1,161,0,160,166,3,167,163,72,74,69,77,78,80,75,81,71,79,70,76,73,0,122,0,124,0,0,127,0,129,130,131,0,133,6,5,15,11,12,9,0,10,13,4,7,16,8,95,0,97,98,99,0,101,102,103,104,105,106,107,58,57,0,0,65,0,63,62,66,67,56,68,64,40,41,32,0,42,37,0,35,34,38,30,39,31,0,24,22,0,18,19,0,21,0,27,29,17,26,0,44,53,46,0,43,50,52,48,49,0,51,47,112,0,117,113,114,108,116,115,119,0,109,120,110
0,0,6,7,0,0,10,11,12,13,14,15,16,60,66,65,61,57,63,62,67,58,68,56,0,59,80,72,0,0,81,0,79,74,0,76,77,0,70,90,87,91,84,93,92,83,86,82,88,94,89,85,163,165,160,168,169,2,166,3,162,0,161,167,164,43,44,45,46,0,0,0,0,51,52,53,54,55,97,96,106,102,103,0,105,101,104,95,98,0,0,17,18,19,20,21,22,23,24,25,26,0,0,0,149,148,150,152,156,151,154,153,157,0,147,159,155,131,132,0,0,133,128,127,126,125,0,121,130,122,116,0,113,111,109,110,114,0,119,118,0,108,0,0,135,144,137,136,134,141,143,139,140,146,142,138,0,40,39,35,0,30,0,37,41,0,0,0,32
17,18,19,20,0,22,23,24,0,26,27,28,29,0,79,78,74,70,76,75,80,0,81,69,77,0,0,85,84,0,94,0,92,87,82,89,90,0,0,103,0,104,97,106,105,96,99,95,101,107,102,0,7,0,0,12,13,0,0,0,6,14,5,11,8,56,57,58,59,60,61,62,63,64,65,66,67,68,110,109,119,0,116,113,0,114,117,108,111,0,112,30,31,32,0,34,35,36,37,38,39,40,41,42,162,161,163,165,169,164,0,166,1,2,160,0,168,144,0,136,137,146,141,140,139,138,142,0,143,0,129,128,126,124,122,0,127,125,132,131,133,0,0,158,148,157,0,149,147,0,156,152,0,159,0,151,47,53,0,48,0,0,51,50,54,46,0,0,0
0,0,0,150,151,152,153,154,155,156,157,0,0,34,40,39,35,31,37,0,0,32,42,0,38,0,0,0,45,47,55,0,53,48,43,50,51,49,0,64,61,65,58,67,0,57,60,0,0,68,63,59,137,0,134,142,143,145,0,146,136,144,135,141,138,17,18,19,0,21,22,23,24,0,26,0,28,0,71,70,80,76,77,74,79,0,78,69,72,81,73,0,161,162,163,164,165,166,167,168,169,0,2,3,123,0,124,126,130,0,128,127,131,132,0,133,129,105,0,97,98,107,102,101,100,99,103,95,104,96,90,89,87,0,83,84,88,86,93,92,94,82,91,119,0,118,111,110,108,115,117,113,114,120,116,0,8,14,0,9,10,0,12,0,15,7,5,16,6
108,109,110,111,112,0,114,0,116,117,118,0,120,164,1,169,165,161,0,166,2,0,3,160,168,163,0,7,6,0,16,13,14,9,0,11,0,0,5,25,0,26,19,28,27,18,0,17,23,29,24,20,98,100,95,103,104,0,101,107,0,0,96,102,99,147,148,149,150,151,152,153,0,155,156,157,158,159,32,31,41,0,38,0,40,36,39,30,0,42,34,0,122,123,0,125,126,127,128,129,130,131,0,0,0,83,85,87,0,86,89,88,92,93,0,94,90,66,67,58,59,68,63,62,61,60,0,0,65,0,51,50,48,0,44,45,49,47,54,53,0,43,52,80,70,79,72,71,0,76,78,74,75,81,77,73,0,144,143,139,0,134,0,141,145,137,135,0,0
56,57,58,59,0,61,0,0,64,65,66,67,68,0,118,0,113,109,0,114,119,110,120,108,116,111,132,0,123,0,133,130,131,0,121,128,0,127,122,0,139,0,0,145,0,135,138,0,140,146,141,0,46,48,0,51,52,54,49,55,45,53,44,50,47,95,96,0,98,99,100,101,102,103,104,105,106,107,0,148,158,154,155,0,157,0,156,147,150,159,151,69,70,71,72,73,74,0,76,77,0,79,80,81,32,31,33,35,0,34,37,36,40,41,30,42,0,14,15,6,0,16,11,10,0,0,12,4,13,5,168,0,165,163,0,0,166,164,0,1,3,160,169,28,0,27,20,19,17,24,26,22,23,29,25,21,86,92,0,87,88,82,90,89,0,85,83,94,0
69,70,71,72,0,0,0,76,77,78,0,0,81,125,131,0,126,122,128,127,132,123,133,121,129,124,145,137,136,138,146,143,144,0,134,141,142,140,135,155,0,0,149,0,157,148,151,147,153,159,0,150,59,0,56,64,65,67,0,68,0,66,57,63,60,108,109,0,111,112,113,114,115,0,0,118,119,0,162,161,2,0,168,165,1,166,0,160,163,0,164,82,83,84,0,0,87,88,89,90,91,92,0,94,45,0,0,48,52,0,0,49,53,54,43,0,51,27,28,19,20,29,24,23,22,21,25,17,26,18,12,11,9,7,5,6,10,8,15,0,16,4,0,41,31,40,33,32,30,37,39,35,36,42,38,34,0,0,0,0,101,95,103,102,0,98,96,0,0
121,122,123,124,125,0,127,128,129,130,131,132,0,0,14,0,9,0,11,10,15,6,16,4,12,0,28,20,19,21,0,26,27,22,17,24,0,23,18,38,35,39,32,41,0,31,34,0,36,0,37,33,111,0,108,116,117,119,114,0,110,118,109,0,112,0,0,162,163,0,165,166,167,168,169,0,0,0,45,44,54,50,51,48,0,49,52,0,46,55,47,134,0,136,137,138,139,0,141,0,143,144,145,146,0,96,98,100,104,99,102,101,0,106,95,0,0,0,80,0,72,0,76,75,74,0,77,69,0,70,64,0,61,59,57,0,62,60,67,66,68,56,65,93,83,92,85,84,82,89,0,87,88,94,90,86,151,0,156,152,0,147,155,0,158,150,148,159,0
134,135,136,137,0,139,140,141,142,0,0,145,146,0,27,0,22,18,24,0,0,0,29,17,25,0,0,33,32,0,42,0,40,35,30,37,38,0,31,51,48,52,0,54,53,44,47,43,49,55,0,0,124,126,121,129,130,132,0,133,123,131,122,128,0,4,5,6,7,8,9,0,11,12,0,14,15,0,0,57,67,0,64,61,0,62,65,56,59,68,0,147,148,149,150,0,152,153,154,155,156,157,158,159,110,109,111,0,117,112,115,114,118,119,0,0,116,92,93,0,85,94,0,88,87,86,0,0,91,83,77,76,74,72,70,71,75,73,80,79,81,69,78,106,96,0,98,97,95,102,104,100,101,107,103,99,164,1,169,165,166,160,168,167,2,0,0,3,162
0,31,32,33,34,35,36,37,38,0,0,41,42,86,92,91,0,83,89,88,93,84,94,0,90,0,106,98,0,99,0,104,105,100,95,102,103,101,96,116,113,117,110,0,118,0,112,108,114,0,115,111,0,22,17,25,26,28,23,29,19,27,18,24,21,69,0,0,72,73,74,0,76,77,78,79,80,81,123,122,132,128,129,126,0,127,130,121,124,133,0,43,0,0,46,47,48,49,50,51,0,53,54,55,6,0,7,9,13,8,11,0,14,0,4,16,12,157,158,149,150,159,154,153,152,151,155,147,156,148,142,141,139,137,135,136,140,138,145,144,146,134,143,2,0,1,0,0,0,167,0,165,166,0,168,0,0,0,65,0,62,0,64,63,67,59,57,68,58
0,0,31,0,33,34,0,36,37,38,0,40,41,85,0,0,0,0,0,87,92,83,93,81,89,84,105,97,0,0,106,103,104,0,94,101,102,100,95,115,112,116,109,118,0,108,111,107,113,119,114,110,19,21,0,24,0,27,22,28,0,26,17,23,20,0,69,70,71,72,73,0,75,76,0,78,0,0,122,121,0,0,128,125,130,126,0,120,123,132,124,42,43,44,45,46,47,48,49,0,51,52,0,54,5,4,6,8,12,7,10,9,13,14,3,15,11,156,0,0,149,158,0,0,0,150,0,146,155,147,141,140,138,136,134,135,139,0,144,0,0,133,142,1,0,169,0,161,159,166,168,164,0,2,167,0,59,0,64,60,0,55,63,62,66,58,0,67,0
68,69,70,0,72,73,0,75,76,77,0,0,0,124,130,0,125,121,127,126,0,122,0,120,128,123,144,136,135,137,0,142,143,138,133,0,0,139,134,0,151,155,148,0,156,147,150,0,152,158,0,0,58,60,0,63,64,66,61,0,57,65,56,0,0,107,0,109,110,0,112,113,0,115,116,117,118,0,161,160,1,166,167,164,0,165,168,0,162,2,163,81,82,83,84,85,86,87,88,89,0,91,92,93,44,0,45,0,51,46,0,48,52,53,42,54,50,0,27,18,19,28,23,22,21,0,24,16,0,17,11,0,8,6,4,5,9,7,0,0,15,3,12,40,30,39,0,31,0,36,38,0,35,41,37,33,98,104,103,99,100,94,102,101,0,0,95,106,96
42,43,44,45,46,0,48,49,50,51,52,0,54,98,0,103,0,0,0,100,105,0,106,0,102,97,118,110,109,111,119,0,117,0,107,114,0,0,0,0,125,129,0,131,130,121,124,120,126,132,127,123,32,34,29,37,38,40,35,0,0,39,30,36,0,81,82,0,84,85,0,87,88,89,90,91,92,93,135,0,0,0,0,138,143,139,142,133,136,145,137,55,56,0,0,59,60,61,62,0,64,65,66,67,18,17,19,21,25,20,23,0,26,27,16,28,24,169,1,161,0,2,166,165,164,0,167,159,168,160,154,153,151,0,147,0,152,150,157,156,158,146,155,14,4,13,0,5,3,0,12,8,9,15,11,7,72,0,77,73,74,68,76,0,79,71,69,0,0
0,17,0,0,0,21,22,23,24,25,0,27,28,72,78,77,0,69,75,74,79,70,80,0,76,71,0,84,83,85,93,90,91,86,81,0,89,87,0,0,99,103,96,105,104,95,98,94,100,106,101,97,6,8,3,0,12,14,9,15,5,0,4,10,0,55,56,57,58,59,60,61,62,63,0,65,0,67,109,0,118,114,0,112,117,113,116,107,110,119,0,0,30,31,32,0,34,35,36,37,38,0,40,41,161,160,0,164,0,0,166,165,169,1,159,0,167,143,144,0,136,0,140,0,138,137,0,133,142,0,128,127,125,0,0,122,126,124,0,130,132,120,129,157,147,156,149,148,0,153,155,151,0,158,154,0,46,52,0,0,48,42,50,0,53,0,43,54,44
120,121,122,0,0,125,126,127,128,129,130,131,132,7,13,12,8,0,10,9,14,5,15,3,0,6,27,0,18,20,0,25,0,21,16,23,24,22,17,0,0,38,31,40,39,30,33,29,35,0,36,32,0,112,107,115,116,118,113,119,0,117,108,114,111,159,160,161,162,0,164,165,166,167,168,169,1,2,0,43,0,49,50,47,52,48,51,42,0,0,0,133,134,135,0,137,138,0,140,141,142,143,144,145,0,0,97,0,103,0,101,100,104,0,94,106,102,78,79,70,71,80,0,74,73,0,0,68,77,0,63,62,60,0,56,57,61,59,66,65,0,55,64,92,82,91,84,83,81,0,90,86,87,93,89,85,150,0,0,151,152,146,0,153,157,149,0,0,148
55,56,57,58,59,60,61,0,63,0,0,66,67,111,117,116,112,108,114,113,118,0,0,107,115,110,0,0,122,124,132,129,130,0,120,127,0,126,121,141,138,142,0,144,143,0,137,133,139,145,0,136,45,47,42,50,51,53,48,0,44,52,0,49,46,94,95,96,97,98,99,100,0,102,103,0,105,106,148,0,157,153,154,151,156,152,155,146,149,0,150,0,69,70,71,72,73,74,0,76,0,78,79,80,0,30,32,34,38,33,36,35,39,40,29,41,0,13,14,5,6,15,10,0,0,7,11,3,12,0,167,166,164,162,160,0,0,0,1,169,2,159,168,27,17,0,0,18,0,0,25,21,0,28,0,20,85,91,0,86,87,81,89,88,92,0,82,93,83
133,134,0,136,0,138,0,0,141,142,0,144,145,0,26,25,21,17,0,22,27,18,0,0,24,19,40,32,0,33,0,38,39,0,29,36,0,35,30,0,47,51,0,53,52,43,46,42,48,54,49,45,123,125,120,128,129,131,126,132,122,130,121,127,0,0,0,5,6,7,8,9,0,11,12,13,14,0,0,0,66,62,0,60,65,61,64,55,0,0,59,0,147,148,149,150,0,152,153,154,155,156,157,158,109,0,110,112,116,111,114,113,117,0,107,119,115,91,92,83,84,93,88,87,86,85,0,81,90,82,0,75,0,71,69,70,74,72,0,78,80,68,77,105,95,104,97,96,94,101,103,0,0,106,102,98,163,169,168,164,165,0,167,166,1,0,0,2,161
94,0,0,97,98,99,0,0,102,0,104,105,106,150,156,155,151,147,0,152,157,148,0,0,154,149,1,0,161,0,2,168,169,164,0,166,167,0,160,0,8,12,5,14,13,4,7,3,9,0,0,6,84,86,81,0,0,92,87,0,0,91,82,88,0,133,134,135,0,137,138,139,140,141,0,143,144,0,0,17,27,23,24,21,26,22,0,16,19,0,20,0,0,109,110,111,112,113,114,115,116,117,118,0,70,69,0,73,77,72,75,74,78,79,0,80,76,52,53,44,45,0,49,48,47,0,50,42,51,43,37,36,34,32,30,31,35,0,40,0,41,29,38,66,56,65,58,57,55,62,64,60,61,67,63,59,124,130,129,125,126,120,0,0,131,123,121,132,122
107,108,109,110,0,112,0,114,0,116,117,118,0,163,169,168,164,160,0,165,0,161,2,0,167,0,14,6,5,7,15,12,13,8,3,10,11,9,4,24,0,25,18,0,26,17,0,16,22,28,23,19,97,99,94,102,103,105,100,106,96,0,95,101,98,146,147,148,149,150,151,152,0,154,155,156,157,0,31,30,40,0,37,34,39,35,38,0,32,41,33,0,0,122,123,124,125,126,127,128,129,130,131,0,83,82,84,0,90,85,88,0,91,92,81,0,89,65,66,57,58,67,62,61,0,59,63,55,64,0,50,49,0,45,0,44,48,0,53,52,54,0,0,79,69,78,0,70,0,75,77,73,74,0,76,72,137,143,142,0,139,133,0,140,0,136,134,145,0
3,4,5,6,0,8,0,10,0,0,13,14,15,0,65,64,60,56,0,61,66,0,67,55,0,58,79,71,70,0,0,77,78,73,0,75,76,0,69,89,86,90,83,92,91,82,0,81,87,93,88,84,162,164,159,167,168,0,165,0,0,169,160,166,163,42,0,44,45,46,47,0,49,50,51,52,53,54,96,95,105,101,102,99,104,100,103,94,97,106,98,16,0,18,19,20,21,22,23,24,25,0,27,28,148,147,0,0,155,150,0,0,156,157,146,158,154,130,131,122,123,0,127,126,125,124,128,120,129,121,115,114,0,110,108,109,113,111,118,117,119,107,116,144,134,143,0,135,133,140,142,138,0,0,141,137,0,39,0,34,35,29,0,0,40,0,0,41,31
159,160,161,0,163,0,165,166,167,0,169,0,2,46,0,51,47,43,49,0,53,44,54,42,50,45,66,58,57,59,0,64,65,0,0,62,63,61,56,76,73,77,70,79,78,69,0,68,74,0,75,71,149,0,0,154,155,157,152,158,0,156,147,0,0,29,30,31,32,33,34,35,36,0,38,0,40,41,83,82,92,88,89,0,91,87,90,81,84,93,85,0,4,5,6,7,8,9,10,0,12,13,0,0,135,134,136,138,142,137,0,139,0,144,133,145,141,117,118,109,110,119,114,0,0,111,115,107,0,108,102,101,99,0,95,96,100,98,105,104,106,94,0,131,121,130,123,122,120,127,0,125,126,132,128,0,20,0,25,21,22,16,24,0,27,19,17,28,0
81,82,0,84,85,0,0,88,0,90,91,92,0,137,143,142,138,0,140,0,144,135,0,133,141,136,157,149,148,150,0,155,156,151,146,153,154,0,147,0,164,168,161,1,169,0,163,159,0,0,166,162,71,73,68,0,77,79,0,80,70,78,0,75,72,120,121,122,123,124,125,126,127,0,0,130,131,132,5,4,14,10,11,8,13,9,12,3,0,0,7,94,0,96,97,98,0,100,101,102,103,104,105,106,57,56,58,60,0,59,62,61,65,66,55,67,63,0,40,31,32,41,36,35,34,33,37,29,38,30,24,23,21,19,17,18,22,20,27,26,28,16,25,53,43,52,0,44,0,0,51,47,48,54,50,46,111,117,116,0,113,107,115,0,118,110,108,119,109
146,147,148,149,150,151,152,153,154,155,156,157,158,33,39,38,34,30,36,35,40,31,41,0,37,32,53,45,44,46,0,51,52,47,42,49,50,48,43,63,0,64,57,66,0,56,59,0,0,67,62,58,136,138,133,141,142,144,139,145,135,0,134,140,137,16,17,18,0,20,0,22,23,24,25,26,0,28,70,69,79,0,76,73,78,74,77,68,71,80,72,0,160,161,162,0,164,0,166,167,168,169,1,2,122,121,123,125,129,0,0,126,130,131,120,132,128,0,105,96,0,106,101,100,99,98,102,94,103,95,89,88,86,84,82,83,0,85,0,91,0,81,0,118,0,117,110,0,107,0,116,0,113,119,115,111,7,13,12,8,0,3,11,10,14,6,4,15,5
0,167,0,169,0,0,0,4,5,6,7,8,9,53,59,58,0,50,0,55,60,0,0,49,57,52,73,65,64,66,0,71,72,67,62,69,70,68,63,83,80,0,77,86,0,0,79,75,81,87,82,78,0,158,153,161,0,164,159,165,0,163,154,0,157,36,37,0,39,40,41,42,43,44,45,0,47,48,90,89,99,0,96,93,98,94,97,88,91,100,92,10,11,12,13,0,0,16,17,18,19,20,0,22,142,141,0,145,0,144,147,146,150,151,140,152,0,124,125,116,117,126,121,120,0,118,122,0,123,115,109,0,106,104,102,103,0,105,112,0,113,101,0,138,128,0,130,129,127,134,136,132,133,139,135,131,27,33,32,28,29,0,31,30,34,26,24,35,25
101,0,0,0,0,106,107,108,109,0,111,0,113,157,163,0,0,154,160,159,164,155,165,153,161,156,0,169,0,0,9,0,0,2,166,4,0,3,167,0,0,0,12,21,0,11,14,10,16,22,17,0,91,0,88,96,97,99,94,100,90,0,89,95,92,140,141,142,143,0,0,146,0,0,149,150,151,152,25,24,34,30,31,28,33,29,32,23,0,35,27,114,0,116,117,118,119,120,121,122,123,0,125,126,77,0,0,80,0,0,82,81,85,0,0,87,0,59,60,0,52,61,56,0,0,53,57,49,58,50,44,43,41,39,37,38,42,40,0,46,48,36,45,73,63,72,0,64,62,69,71,67,68,74,70,66,0,137,0,132,133,127,135,0,138,0,0,139,0
75,76,77,0,79,80,81,82,83,84,85,86,87,131,137,136,0,128,134,133,0,129,139,127,135,130,151,143,0,0,152,149,150,145,140,147,148,146,141,161,158,162,155,164,163,154,157,153,159,165,160,156,0,0,62,70,71,73,68,74,64,0,63,69,66,114,115,116,117,118,119,120,121,122,123,124,0,126,168,167,8,4,5,2,0,3,6,166,169,9,1,88,89,90,91,92,93,0,95,0,97,98,99,100,51,50,52,54,0,53,0,55,59,0,0,0,0,33,34,0,26,0,30,29,0,27,0,23,0,24,0,17,15,13,11,12,16,14,21,20,22,10,0,47,37,0,39,38,36,43,0,41,42,0,44,40,105,111,110,106,107,101,0,108,0,0,0,113,103
0,141,142,143,144,145,146,147,148,0,0,151,152,27,0,32,0,24,0,29,34,0,35,23,0,26,0,39,38,40,48,0,46,41,36,43,44,42,0,57,54,58,51,60,59,50,53,49,55,61,0,52,130,0,127,135,136,138,0,139,129,137,0,134,131,10,11,12,13,0,15,16,0,18,19,0,21,0,64,63,73,69,70,67,72,68,71,62,65,74,66,153,154,155,156,157,158,159,0,161,0,0,164,165,116,0,117,119,123,118,121,120,124,0,114,126,122,98,99,0,91,0,95,94,93,92,96,88,97,89,83,82,80,78,0,77,81,79,0,85,87,75,84,112,0,111,104,0,101,108,110,0,107,113,109,105,0,7,6,0,0,166,5,4,8,0,0,9,168
0,115,116,117,0,119,120,0,0,0,0,125,0,1,0,0,2,167,4,3,8,168,0,166,5,169,21,0,12,14,0,19,20,0,10,0,0,0,0,31,0,0,25,34,0,24,0,23,29,35,30,26,104,106,101,109,110,112,107,113,103,111,102,0,105,153,0,155,156,157,158,159,160,161,162,0,0,165,38,37,0,43,0,41,46,42,45,36,39,48,40,0,0,129,130,131,132,0,0,0,136,137,138,139,90,89,91,93,97,92,95,94,98,99,88,100,96,0,73,64,65,0,69,0,67,66,70,62,71,0,57,56,0,0,50,51,0,53,60,0,61,49,58,86,76,85,0,0,75,82,84,80,81,87,83,79,0,150,0,145,146,0,148,147,151,143,0,152,142
23,24,25,26,27,28,29,30,0,32,33,34,35,79,85,84,80,76,82,81,0,77,87,75,83,0,99,91,0,92,100,0,0,93,0,95,96,94,89,109,106,110,103,0,111,0,105,0,107,113,108,104,0,15,10,18,19,21,16,22,12,20,11,17,14,0,63,64,0,66,67,68,69,70,71,72,73,74,116,115,0,121,122,119,124,0,123,114,117,0,118,0,0,38,0,40,41,42,0,0,45,46,47,48,168,167,169,2,6,1,4,0,7,8,166,9,5,0,151,142,143,152,147,146,145,144,148,0,0,141,135,134,132,130,0,0,133,131,138,137,139,127,136,164,154,163,156,0,153,160,162,0,159,165,161,157,53,59,58,54,55,49,57,56,60,52,50,61,51
0,128,129,130,131,132,133,134,0,0,137,138,139,0,20,19,15,11,0,16,0,12,22,10,18,13,34,26,25,27,35,32,0,0,23,30,31,29,24,44,41,45,0,47,46,0,40,36,42,0,43,39,0,119,0,0,0,125,120,126,116,124,115,121,118,166,167,168,169,0,2,0,4,5,6,7,8,0,51,50,60,56,57,0,59,0,58,0,52,61,53,140,141,142,143,144,145,146,147,148,149,150,151,0,103,0,104,106,110,0,108,107,0,112,101,113,109,85,86,77,78,87,82,81,80,0,0,75,84,0,70,69,67,0,0,64,0,66,73,72,74,62,71,99,89,98,91,90,88,95,97,0,0,100,96,92,0,163,162,0,159,0,161,0,164,156,0,165,155
153,154,155,156,0,158,159,160,161,0,0,164,0,40,46,45,41,37,43,0,47,38,48,36,44,39,0,52,0,53,61,58,59,54,49,56,57,0,50,70,67,0,64,0,72,63,66,62,68,74,69,65,0,0,140,148,149,151,146,152,142,0,0,0,144,23,24,25,26,27,28,29,30,0,0,0,34,35,0,76,86,0,0,80,85,81,84,75,78,87,79,0,167,168,169,1,2,3,4,5,6,7,8,9,129,128,130,132,136,131,134,133,137,138,127,139,135,0,112,103,104,113,108,107,0,0,109,101,110,0,96,95,93,0,0,90,94,92,99,98,100,0,97,125,115,0,117,0,114,121,123,119,120,126,122,118,14,20,19,15,16,10,0,17,21,13,11,0,12
36,37,0,39,40,41,42,43,0,45,46,0,48,92,98,0,93,89,95,94,99,90,100,88,0,91,112,104,0,105,113,0,111,106,101,108,0,107,102,0,119,123,116,125,124,115,118,114,120,126,121,117,26,28,23,31,32,34,29,35,25,33,24,30,27,75,76,77,78,79,80,81,82,0,84,0,0,87,129,128,138,134,135,132,137,133,136,0,130,139,131,0,50,51,52,53,54,55,56,57,58,59,60,0,12,11,13,15,19,14,17,0,0,21,10,22,18,163,0,155,156,165,160,159,0,157,161,0,162,154,148,147,145,143,0,142,146,144,151,0,152,0,149,8,167,0,169,168,166,0,6,0,3,9,5,1,66,0,71,0,68,0,70,69,0,0,63,74,64
0,50,51,52,53,54,55,56,57,58,59,60,0,0,111,110,0,102,108,0,0,103,113,101,109,104,125,117,116,118,126,123,124,119,0,121,122,120,115,135,132,136,129,0,137,128,131,127,133,139,134,130,39,41,36,0,45,47,42,0,38,46,37,43,40,0,89,90,91,0,93,94,95,96,97,0,99,100,142,141,151,147,148,145,0,146,149,0,0,152,144,0,0,0,0,0,0,68,69,70,71,72,73,74,25,24,26,0,32,27,0,29,33,34,23,35,31,7,8,168,169,9,4,3,2,0,5,166,6,167,161,160,158,156,154,155,0,157,164,163,165,153,162,0,11,20,13,12,10,17,0,15,16,22,18,14,79,85,84,80,0,75,83,82,86,0,76,87,77
62,63,64,65,66,67,68,0,70,71,0,73,74,118,124,123,0,0,121,120,125,116,126,114,122,0,138,130,129,131,0,136,137,132,127,134,135,0,128,0,145,0,0,151,150,141,0,140,0,0,147,143,0,54,49,57,58,0,0,0,51,59,50,0,53,101,102,103,104,105,106,0,108,109,110,111,112,113,155,154,164,0,0,0,0,159,162,153,156,0,0,75,76,77,78,79,80,81,82,83,84,85,86,87,38,37,39,41,45,40,43,0,0,47,36,48,44,20,21,12,13,22,17,16,15,14,18,10,19,11,5,4,2,169,167,0,3,1,8,0,9,0,6,34,24,0,26,25,23,30,32,28,29,35,0,27,0,0,0,93,0,0,0,95,99,0,89,100,90
10,0,12,13,0,15,16,0,0,0,20,0,0,66,72,71,67,63,69,68,0,64,0,0,70,65,86,0,77,79,87,84,0,0,75,0,83,81,76,96,93,97,0,99,98,89,92,88,94,100,95,0,169,0,166,5,6,0,3,0,168,7,167,4,0,49,0,0,52,53,54,55,0,57,58,0,60,61,103,102,0,108,0,106,0,107,110,0,104,113,0,23,0,25,26,0,28,29,30,31,0,33,34,35,155,154,156,158,162,157,160,159,163,164,153,165,161,0,138,129,130,139,0,133,0,0,135,127,136,128,122,121,119,117,115,116,120,0,125,124,126,114,0,151,141,150,0,142,0,147,149,145,146,152,148,144,40,46,45,41,42,36,0,0,0,39,37,48,38
88,89,90,91,92,0,0,95,96,97,98,99,100,144,150,0,145,141,147,146,151,142,152,140,148,143,164,156,155,157,165,162,0,158,153,0,161,159,154,5,2,6,0,8,7,167,1,166,3,9,4,169,78,80,75,83,84,86,0,87,77,0,0,82,79,127,128,129,130,131,0,0,0,0,0,137,138,139,12,11,21,0,18,15,0,0,19,10,0,0,14,101,102,103,104,105,0,107,0,0,0,111,112,113,0,0,65,67,0,66,0,68,72,73,62,74,70,0,47,0,39,48,43,0,41,40,44,36,45,37,31,30,28,26,24,25,29,0,34,33,35,23,32,60,50,59,0,0,0,0,58,54,0,61,57,53,0,124,123,0,120,0,122,121,0,117,115,126,116
135,0,0,138,139,0,141,142,0,144,145,146,147,0,0,0,23,19,25,24,29,20,30,18,26,21,42,0,33,35,43,40,0,0,0,38,0,0,32,52,0,53,46,55,0,0,48,44,50,56,51,0,125,0,122,130,0,133,128,0,124,132,123,129,126,0,0,7,8,9,10,11,12,13,14,0,16,17,59,58,68,64,0,62,67,63,66,0,60,69,61,148,149,150,151,152,153,154,155,156,157,158,159,0,111,110,112,114,118,0,116,115,119,0,109,121,117,93,94,85,0,95,90,89,88,0,91,83,92,84,78,77,0,73,0,72,76,74,0,80,82,70,79,107,97,106,99,98,96,103,105,101,102,108,104,100,165,2,0,0,167,161,169,168,3,164,162,4,163
148,0,0,151,152,153,154,0,156,157,158,159,160,35,41,40,36,32,38,0,42,33,43,31,39,34,55,47,0,0,0,0,54,0,44,51,52,50,45,65,0,66,59,68,0,0,0,57,63,69,64,60,0,140,135,0,144,146,141,0,137,0,136,142,139,18,19,20,21,22,23,24,25,26,27,0,29,30,72,0,0,77,78,75,0,76,79,70,73,82,74,0,162,163,164,165,166,0,168,169,1,2,3,4,124,123,125,127,131,0,129,128,132,133,122,134,130,106,0,0,99,0,103,102,101,100,104,96,0,97,91,90,0,86,84,85,0,87,94,93,95,83,92,120,110,119,112,111,109,116,118,114,115,121,117,0,9,0,14,10,11,5,13,0,16,8,0,0,7
0,6,7,0,9,10,11,12,0,14,15,16,17,0,67,66,62,58,64,63,0,59,69,57,65,60,81,73,72,0,82,79,80,75,70,77,78,76,71,0,88,92,85,94,93,84,87,83,89,95,90,86,164,166,161,169,1,3,167,4,163,2,162,168,165,44,45,46,47,48,49,50,51,52,53,54,55,56,98,97,107,0,104,101,106,0,105,96,0,108,0,18,0,0,21,22,23,0,0,0,27,28,29,30,0,0,0,153,157,152,155,0,0,0,148,160,156,132,133,0,125,134,129,0,127,126,130,122,131,123,117,116,114,112,110,111,115,113,0,119,121,109,118,0,0,0,138,137,135,0,144,140,141,147,143,0,35,41,40,36,37,31,39,38,42,34,32,43,33
18,0,20,21,22,23,24,0,26,27,28,29,30,74,80,79,75,0,77,76,81,72,82,70,78,73,0,0,85,87,95,92,93,88,83,90,91,89,0,104,101,105,98,107,106,97,100,96,102,108,103,99,8,10,0,13,14,16,11,17,7,15,6,0,9,57,0,59,0,61,62,63,64,65,66,0,68,0,111,110,0,116,117,114,0,0,118,109,112,0,113,31,32,33,34,0,36,37,38,39,40,0,0,43,163,162,164,166,1,165,168,0,0,3,161,4,0,145,0,137,138,0,142,141,140,0,143,135,144,136,130,129,127,125,123,124,128,126,133,0,134,122,131,159,0,158,151,0,0,155,157,153,154,160,156,152,48,54,53,49,50,0,0,0,0,47,45,56,46
83,84,85,86,87,88,89,90,91,92,93,0,0,139,0,144,140,0,142,141,146,0,0,135,143,138,0,0,150,152,160,157,158,153,0,155,156,0,0,169,166,1,163,3,0,162,0,161,167,4,0,164,73,75,70,78,0,81,76,82,72,80,71,0,74,122,0,124,125,126,0,128,129,130,131,0,0,134,7,6,16,12,13,10,0,11,0,5,8,17,9,96,0,0,99,0,101,102,0,104,105,106,107,108,59,58,0,62,66,61,0,63,0,68,57,69,0,41,42,0,34,43,38,37,36,35,39,31,40,32,26,25,23,21,19,20,24,22,29,0,0,18,27,55,45,54,47,46,44,51,0,49,0,56,0,48,113,119,118,114,115,109,117,116,120,112,110,0,111
0,0,59,0,0,62,63,64,65,66,67,0,0,113,0,0,114,0,116,115,120,111,121,0,117,112,0,125,124,126,134,131,0,0,122,0,130,128,0,143,140,144,137,146,145,136,139,135,141,147,142,138,47,49,44,52,53,55,50,56,46,54,45,51,48,96,97,98,99,0,101,102,0,104,105,0,107,0,150,149,159,155,156,0,158,154,157,148,0,160,0,70,71,72,73,0,0,76,77,78,79,80,81,0,0,32,34,36,40,35,38,37,41,42,31,43,39,15,16,7,8,17,12,0,10,9,13,0,14,6,169,168,0,164,0,163,167,165,3,2,4,161,1,29,19,28,0,0,18,25,27,23,24,30,26,22,0,93,92,88,0,0,91,90,94,0,84,95,85
31,32,33,34,35,36,0,38,39,0,41,0,43,87,93,0,88,84,90,89,94,85,95,83,91,86,0,99,98,0,108,105,0,0,96,0,104,102,0,117,114,118,0,0,119,110,113,0,0,0,116,112,21,23,18,0,27,29,24,0,0,28,19,25,22,70,71,72,73,74,75,76,77,78,79,80,81,0,124,0,0,129,130,0,132,128,131,122,125,134,126,44,45,0,47,0,49,50,0,52,53,0,55,56,0,0,8,0,14,9,12,11,15,16,0,17,0,158,159,150,151,160,0,154,153,152,0,0,157,149,143,0,140,138,0,137,141,139,146,145,147,135,144,0,0,2,0,163,161,168,1,166,167,4,169,0,61,0,0,62,63,57,65,64,68,60,58,0,59
44,45,46,47,48,49,50,0,52,0,0,55,0,100,106,105,101,97,103,102,107,0,108,96,104,0,120,112,111,113,121,118,119,114,109,116,0,0,0,130,127,131,124,133,132,123,126,122,0,134,129,125,34,36,0,0,40,42,37,43,33,41,32,38,35,83,84,85,86,87,88,89,90,91,92,0,94,95,0,136,146,0,143,140,145,141,144,135,138,0,0,57,0,59,60,61,62,63,64,65,0,67,68,69,20,0,21,23,0,22,25,24,28,0,18,0,0,0,3,163,164,4,0,167,166,0,169,161,1,0,156,155,153,0,149,150,154,152,159,158,0,148,157,0,6,15,0,7,5,12,14,10,0,17,13,0,0,0,0,75,0,0,78,0,81,0,71,82,72
96,0,98,0,100,101,0,103,104,105,106,0,108,152,158,157,0,149,155,154,159,0,160,148,156,151,3,164,0,165,4,1,2,166,161,168,169,167,0,13,10,14,7,16,15,6,9,5,0,17,12,8,86,88,83,91,0,94,89,0,85,93,84,0,87,0,136,137,0,139,0,141,142,143,144,145,146,147,20,19,0,0,26,23,28,24,27,18,21,30,22,109,110,0,112,113,114,0,0,117,118,119,120,121,72,71,73,75,79,0,77,76,80,0,70,82,78,54,55,46,47,0,0,50,49,48,0,0,53,45,39,38,0,34,32,33,37,0,42,41,43,31,0,68,58,67,60,59,57,64,66,62,63,0,65,61,126,132,131,127,128,122,130,0,133,125,123,134,124
0,110,0,112,113,114,115,116,117,118,119,120,0,165,2,1,166,162,168,167,3,163,0,161,0,164,16,8,7,9,17,14,15,0,0,12,13,11,6,26,23,27,20,0,28,0,22,18,24,30,25,0,99,101,96,104,0,107,102,108,98,106,0,103,100,148,149,150,0,152,0,154,155,156,157,158,159,160,0,0,42,0,39,0,0,37,40,31,0,43,35,0,123,124,125,126,127,128,129,0,131,132,133,134,0,84,86,0,92,87,90,0,93,94,0,0,0,67,68,59,0,0,64,0,62,61,65,0,66,0,52,51,49,47,45,46,50,0,55,54,56,44,53,81,71,80,73,72,70,77,79,75,76,82,0,74,139,145,144,0,141,0,143,142,146,138,136,147,137
0,123,124,0,126,0,128,129,130,131,132,133,0,9,15,14,10,6,12,11,16,7,17,0,0,8,29,21,20,22,30,0,0,0,18,25,26,24,19,39,0,40,33,42,41,32,35,31,37,0,38,34,112,114,109,0,118,120,115,121,111,119,110,116,113,161,0,0,0,165,166,167,168,169,1,2,3,4,46,45,55,51,52,0,54,50,53,0,47,56,48,135,136,0,138,139,140,141,142,0,144,0,146,147,98,97,99,101,105,100,0,102,106,107,96,108,104,80,81,72,0,82,77,76,0,74,78,70,79,71,65,0,0,60,58,59,63,61,68,0,69,57,66,94,0,93,86,0,83,90,92,0,89,95,91,87,152,158,157,0,154,148,156,155,159,0,149,160,150
161,0,163,0,0,166,167,168,169,0,2,0,4,48,54,53,0,0,51,50,0,46,56,44,0,0,68,0,59,61,69,66,67,62,0,64,65,63,58,0,75,79,72,81,0,71,74,70,76,82,77,73,151,0,148,156,157,159,154,160,150,158,149,0,152,31,0,0,0,0,36,37,38,39,40,41,42,43,0,84,94,90,91,88,0,0,92,83,0,95,87,5,0,0,8,9,10,0,12,0,14,15,16,17,0,136,0,140,144,139,0,141,145,146,135,0,143,119,120,111,112,121,116,115,0,113,117,109,118,110,104,103,101,99,97,0,102,100,0,106,108,0,105,133,123,132,125,124,122,129,131,127,128,134,130,126,0,28,27,0,24,18,26,25,0,21,19,30,20
70,71,72,0,74,0,0,77,78,79,80,81,82,126,132,131,127,123,129,0,133,124,134,122,130,125,146,138,0,139,147,144,145,0,135,142,143,141,136,156,153,157,0,159,158,0,152,148,154,160,0,151,60,62,0,0,66,0,63,69,59,67,58,0,0,109,110,111,112,113,114,115,116,117,0,119,0,121,163,162,3,0,169,166,2,167,1,161,0,4,0,83,84,85,86,0,0,89,0,91,92,93,0,0,46,45,0,49,53,48,51,50,0,55,44,56,52,0,0,20,21,0,25,24,23,22,26,0,0,0,0,12,0,8,6,7,0,9,16,15,17,5,14,42,32,41,34,33,31,38,40,36,37,43,39,35,100,106,105,0,102,0,104,103,107,0,97,108,98
105,106,107,108,109,110,111,112,113,114,115,116,117,161,167,166,162,0,164,163,168,159,169,0,165,160,12,0,3,5,13,10,11,6,1,8,9,7,2,0,19,23,0,0,24,15,0,14,20,26,0,17,0,0,92,0,101,103,98,104,94,0,93,99,0,0,145,0,147,148,149,150,0,152,153,154,155,156,29,28,0,34,35,0,37,33,36,27,0,39,31,0,119,120,121,0,123,124,125,126,127,0,129,130,0,80,82,84,88,83,86,85,89,90,0,91,87,63,64,55,56,65,0,0,0,57,61,0,62,54,48,0,45,0,41,0,0,44,51,50,0,0,0,77,67,76,69,68,66,73,0,71,72,78,74,70,135,141,140,136,137,0,139,138,142,0,132,143,133
157,158,159,160,0,162,0,0,0,166,167,168,169,44,50,0,45,41,47,46,51,0,52,40,48,43,0,56,0,57,65,62,0,58,53,60,0,59,54,74,71,0,68,77,76,0,70,0,72,78,73,69,147,149,0,152,153,155,150,0,146,154,145,151,148,27,28,0,30,31,32,33,34,35,0,37,38,39,0,80,90,86,87,84,89,85,88,79,82,91,83,0,2,3,4,0,6,7,8,9,10,11,12,13,0,132,134,136,140,135,138,0,141,142,131,143,139,115,116,107,0,0,112,111,110,109,113,105,114,106,100,99,97,95,93,94,98,96,103,102,0,92,101,129,119,128,121,120,0,0,127,123,0,130,0,122,18,24,0,19,20,14,22,0,25,17,15,26,16
92,93,94,95,96,97,0,0,100,0,0,103,104,148,154,153,149,145,151,150,0,146,156,144,152,147,168,0,159,161,169,166,167,0,157,164,165,163,158,0,6,0,3,12,0,2,5,1,7,0,8,0,82,84,0,87,0,90,85,91,81,89,80,86,83,131,132,133,134,135,0,137,138,139,140,141,142,143,16,0,0,21,22,19,24,20,23,14,17,0,0,105,106,107,108,109,110,111,0,113,0,115,116,117,68,67,0,71,75,0,73,0,76,77,66,78,74,50,51,42,43,52,47,46,45,44,0,40,49,41,35,34,32,30,0,29,33,31,38,0,39,27,36,64,0,63,0,55,53,60,0,58,59,65,61,57,0,128,127,123,124,118,126,125,129,0,0,130,120
0,15,0,17,0,19,20,21,22,0,24,25,26,70,76,75,71,67,0,72,77,0,78,66,0,69,0,0,81,83,91,0,89,0,79,86,0,85,0,100,0,101,94,0,102,93,96,0,98,0,99,0,0,6,1,9,10,0,0,0,3,11,2,0,5,0,54,55,0,57,0,59,60,61,62,63,64,0,107,0,0,112,113,110,0,111,0,105,0,117,109,0,28,29,30,31,32,0,34,35,36,37,38,39,0,158,0,0,166,161,164,0,167,168,157,0,165,0,142,133,134,0,138,137,136,135,139,131,140,0,126,125,123,121,119,120,124,122,129,128,130,118,127,155,145,154,147,146,144,151,153,149,150,156,0,148,44,0,0,45,46,40,0,47,51,43,41,52,42
0,132,133,134,135,136,137,138,139,140,141,142,143,18,0,23,19,15,0,20,25,0,26,14,0,17,0,0,29,0,39,36,37,32,27,34,35,33,28,48,45,0,42,51,50,41,0,40,46,52,47,43,0,123,118,126,127,129,0,130,120,128,119,0,122,0,0,3,4,5,6,7,8,9,10,11,12,13,0,54,0,0,61,58,63,59,62,53,56,0,57,0,145,146,147,148,149,150,151,152,153,154,155,156,107,106,0,0,114,109,112,111,115,116,105,0,0,0,90,81,0,91,86,85,84,0,87,79,88,80,0,73,71,69,67,68,72,0,77,76,78,66,75,0,93,102,95,0,92,99,101,97,98,104,0,96,0,0,166,162,163,157,0,0,0,160,0,169,159
0,119,0,0,122,123,0,125,126,0,128,129,130,0,11,10,0,2,0,7,12,0,0,1,9,4,25,17,16,18,26,0,24,19,0,21,22,0,15,0,32,36,29,38,37,28,31,27,0,39,34,30,108,110,105,113,114,116,111,0,107,115,0,112,109,157,158,159,160,161,162,163,164,165,0,167,168,169,42,0,51,47,48,45,50,46,49,40,43,0,44,131,132,133,134,0,136,137,0,0,140,141,0,143,94,93,0,97,101,0,99,98,102,103,92,104,0,76,77,68,69,78,73,0,71,0,74,66,75,0,61,60,58,56,54,55,59,57,64,0,65,53,62,90,80,89,0,81,79,86,88,84,85,0,87,83,148,154,153,149,150,144,0,151,155,147,145,156,146
144,145,146,147,0,149,0,151,152,0,0,155,0,31,37,0,32,28,34,33,38,29,39,27,35,30,51,43,0,0,0,49,0,45,40,0,48,0,41,0,0,62,55,64,0,54,57,53,59,65,60,56,134,136,0,139,140,142,137,143,133,141,132,138,0,14,15,0,17,18,19,20,21,22,23,24,25,26,68,67,77,73,74,0,76,72,0,66,69,0,70,157,0,159,160,0,162,163,0,0,166,167,168,169,120,119,121,123,0,122,125,0,128,129,118,130,126,102,0,94,95,104,99,0,97,96,100,92,101,93,87,86,84,0,80,81,85,83,90,89,91,79,0,116,106,115,108,0,105,112,114,110,111,117,113,109,5,11,10,0,7,1,9,0,12,4,0,0,3
53,0,55,0,57,0,59,60,61,62,63,64,65,109,115,0,110,0,112,111,116,107,0,0,0,108,0,121,120,122,130,127,128,0,118,125,126,124,0,139,136,140,133,142,0,132,135,131,137,143,0,134,0,45,40,48,49,51,46,52,42,0,41,0,44,0,93,94,95,0,97,98,99,0,101,102,0,104,146,145,155,151,0,149,0,150,153,144,147,156,0,66,67,68,69,0,71,72,73,74,75,76,77,78,29,28,30,0,0,31,0,0,37,38,0,39,35,11,12,3,4,13,8,7,0,5,9,1,10,2,165,164,162,160,0,159,163,161,168,167,169,157,0,25,0,24,17,0,0,21,0,0,20,26,22,0,83,89,88,84,85,79,87,86,90,82,0,91,0
40,41,42,43,44,45,0,47,48,0,50,0,52,96,102,101,97,93,99,98,103,94,104,92,100,0,0,0,0,0,0,114,0,110,105,0,113,111,106,126,123,127,120,129,128,119,122,118,124,130,0,121,30,32,0,35,36,38,33,0,29,0,0,34,31,0,80,81,0,83,84,85,86,87,88,89,90,0,0,132,142,138,139,0,141,137,0,131,134,143,135,53,54,55,56,57,58,0,60,61,62,63,64,65,16,0,17,19,23,18,21,20,24,25,0,26,22,0,0,0,160,169,164,0,162,161,165,157,166,158,0,151,149,147,145,146,150,148,155,0,156,144,153,12,2,11,4,0,1,8,10,6,7,13,9,5,70,76,75,71,72,66,74,0,77,69,67,78,68
27,28,0,30,31,32,33,34,35,36,37,38,39,83,89,0,84,0,86,85,90,0,91,79,87,0,103,95,94,96,104,101,102,97,0,99,0,0,0,113,110,114,107,116,115,106,109,105,111,117,0,0,0,19,14,22,23,25,20,0,16,24,15,0,0,66,67,68,69,70,71,72,0,74,75,0,77,0,120,0,129,125,126,123,0,0,127,118,121,0,122,40,41,42,43,0,45,46,47,0,0,50,0,52,3,2,4,0,0,5,8,7,11,12,1,13,9,154,155,0,147,156,151,150,149,148,152,144,153,145,139,138,136,134,0,0,137,135,142,141,143,0,140,168,158,167,160,159,157,164,0,0,163,169,165,0,57,0,62,58,0,53,61,60,64,56,54,0,55
1,2,3,0,0,6,7,8,9,0,11,12,13,57,63,62,58,54,0,0,64,55,65,53,0,56,77,69,68,70,0,0,76,71,66,73,74,72,67,87,84,88,81,0,89,80,83,79,85,91,86,82,160,162,157,165,0,168,163,169,159,167,0,164,161,40,41,42,43,44,45,46,47,48,49,50,51,52,94,0,103,99,0,97,0,98,101,92,95,104,96,14,15,0,17,18,19,20,0,0,23,24,25,26,146,145,147,149,153,0,151,150,154,155,0,156,152,128,129,120,121,130,0,0,123,0,126,118,0,0,113,112,110,0,106,107,111,109,116,115,117,105,114,142,132,141,0,133,0,138,140,0,137,0,139,135,31,37,36,32,0,27,0,34,38,30,0,39,29
66,67,68,69,70,71,72,73,0,75,0,0,0,0,128,127,0,119,125,124,0,120,0,118,0,121,142,0,133,135,143,0,141,136,0,138,139,0,132,152,149,153,146,0,154,145,148,144,150,156,151,147,56,0,53,61,0,64,59,65,55,63,0,60,57,105,0,107,108,0,110,111,112,113,0,115,116,117,159,158,168,164,165,162,0,163,166,157,160,0,161,79,80,81,82,83,84,0,86,87,88,89,90,0,42,41,43,45,49,44,47,46,50,51,0,0,48,24,25,16,17,0,21,20,19,18,22,0,23,15,9,8,6,4,2,3,7,5,12,11,13,1,10,38,0,37,30,29,27,34,36,32,0,39,0,0,96,102,101,0,98,92,100,0,0,95,93,104,94
79,0,81,82,83,84,0,86,87,88,89,90,91,135,141,0,136,132,138,0,142,133,143,131,139,134,155,147,0,148,156,153,154,149,144,151,152,150,145,0,162,166,159,168,167,158,161,157,163,169,0,0,69,71,66,74,75,77,72,78,68,0,0,73,70,118,119,120,121,122,123,124,125,0,127,128,0,130,3,2,12,8,9,6,11,7,10,1,4,13,5,92,93,94,95,96,97,98,99,100,101,102,103,104,55,54,0,58,0,0,60,0,63,64,0,0,0,37,38,0,30,0,34,33,32,31,35,27,36,28,22,21,19,17,15,16,0,18,25,24,26,0,23,51,41,0,43,42,40,47,49,0,46,52,48,44,0,0,0,0,0,105,113,112,116,108,0,117,0
141,0,143,144,0,0,147,148,149,150,151,152,153,0,34,0,29,25,31,30,0,0,36,24,32,27,48,40,39,41,49,46,47,0,0,0,0,43,38,58,0,59,52,0,0,51,54,50,56,0,57,0,131,133,128,136,137,139,134,140,130,138,129,135,132,11,12,0,14,15,0,17,18,19,20,21,0,23,0,64,74,70,0,68,73,69,72,63,66,75,67,0,155,156,157,158,159,160,161,162,0,164,165,166,117,0,118,120,124,119,122,121,125,126,115,0,123,99,100,91,92,101,96,95,94,93,97,89,98,90,84,83,81,79,77,78,82,80,87,86,88,76,85,0,103,112,0,104,102,109,111,107,108,0,110,106,2,8,0,0,0,167,6,5,9,1,168,0,169
0,0,169,0,2,0,4,5,6,7,8,0,10,0,60,59,0,51,0,56,61,52,62,50,58,53,0,0,65,0,75,72,73,68,63,0,71,69,64,84,81,85,78,87,0,77,0,0,82,0,0,0,157,159,154,162,163,165,160,166,156,164,155,161,158,37,38,39,40,41,42,43,44,0,46,47,48,49,91,90,100,96,97,94,99,95,98,89,92,101,93,0,12,0,14,15,16,17,18,0,20,21,0,23,143,142,0,146,0,0,148,147,0,0,141,0,149,125,126,0,118,127,122,121,120,0,123,115,124,116,110,0,0,105,103,104,0,0,113,112,114,102,111,0,129,0,131,130,0,135,137,133,134,0,136,0,0,0,33,29,30,24,0,0,35,27,25,36,26
154,155,156,157,158,159,0,161,162,0,0,165,0,41,47,46,42,38,0,0,0,39,0,37,45,40,61,53,0,54,62,59,60,55,50,57,58,56,51,71,68,72,65,0,73,0,67,0,69,75,70,0,144,0,0,149,0,152,0,153,143,151,142,148,145,0,25,0,27,28,29,30,31,32,33,34,35,36,0,77,87,0,84,0,86,82,85,0,79,88,80,167,168,0,1,2,3,4,5,6,7,0,9,10,130,129,131,0,137,132,135,134,138,139,128,0,136,112,113,104,105,114,109,108,107,106,110,102,111,0,97,0,94,92,90,91,95,93,100,99,101,89,98,126,116,0,118,117,115,122,124,0,121,127,0,0,0,0,20,16,17,0,19,18,0,14,12,0,0
0,0,130,131,132,133,134,135,136,137,138,139,140,0,21,20,16,12,0,0,22,0,23,0,19,14,35,27,26,0,0,33,34,29,24,31,32,30,0,45,42,46,39,48,0,38,41,37,43,0,0,0,118,120,115,123,0,126,0,127,117,125,116,122,119,167,0,169,1,2,3,4,0,6,7,0,9,10,52,0,61,57,0,0,0,56,0,50,53,62,54,141,142,143,144,145,0,147,148,0,150,151,0,153,0,103,105,107,111,106,109,0,112,0,0,114,110,0,87,78,79,88,83,82,81,80,84,76,85,0,71,70,68,0,64,0,0,0,74,0,75,63,72,100,90,99,0,0,0,0,98,94,95,0,97,93,158,164,163,159,160,154,0,161,165,157,155,166,156
102,103,0,105,0,107,108,0,0,111,112,0,0,0,0,163,159,155,0,160,165,156,166,154,162,0,0,1,169,2,10,7,8,0,167,0,6,4,168,19,16,20,13,22,21,12,15,11,17,23,18,0,92,0,89,97,98,100,95,101,91,99,90,96,93,141,142,143,144,145,0,147,148,0,150,151,152,153,26,25,35,31,32,29,34,30,33,24,27,36,28,115,116,0,118,119,120,0,0,123,124,125,126,0,78,77,79,81,85,0,0,82,86,87,0,88,84,0,61,52,53,0,0,0,55,54,58,0,59,51,45,0,42,40,38,39,43,41,48,47,49,0,46,74,64,73,66,65,63,70,0,0,69,0,71,67,132,138,137,0,134,128,136,135,139,131,129,140,130
24,25,26,27,28,29,30,31,32,33,0,35,36,80,0,85,81,77,83,0,0,78,88,76,84,79,100,92,91,93,0,98,99,94,89,96,97,95,0,110,107,111,0,113,112,103,106,102,108,114,109,105,14,16,11,19,0,22,17,23,13,21,12,18,15,63,64,65,66,67,68,69,0,71,72,0,74,75,117,116,126,0,123,120,125,121,124,0,118,127,119,37,38,39,0,41,0,43,44,0,46,0,48,0,169,168,1,3,7,2,5,4,8,0,167,10,6,151,152,143,144,153,0,0,0,145,149,0,150,142,136,135,0,131,0,0,134,132,0,138,140,0,137,165,155,164,157,156,154,0,163,0,160,166,0,158,54,0,59,55,56,0,0,57,61,0,51,0,0
0,0,91,92,93,94,95,96,97,0,99,100,101,145,151,150,146,142,0,147,152,143,153,141,149,144,165,0,156,158,166,0,164,159,154,161,162,0,155,6,0,7,0,0,8,168,2,0,0,10,5,1,79,81,76,0,0,87,82,0,78,0,0,83,80,128,0,130,131,132,133,134,135,136,137,138,139,140,0,12,22,18,19,16,21,17,20,11,0,23,15,102,103,104,0,0,107,108,109,0,0,112,113,114,65,0,0,68,72,67,70,69,73,74,63,0,0,0,48,39,40,49,44,43,42,41,45,37,46,38,32,0,29,27,25,26,30,28,35,34,36,24,33,0,51,60,53,52,0,57,59,55,56,62,58,54,0,125,124,120,121,115,123,0,126,118,116,0,117
115,116,0,118,119,120,121,122,123,124,125,126,127,2,8,7,3,168,5,4,9,169,10,167,6,1,22,0,13,15,0,20,21,16,11,18,0,17,12,32,29,0,0,35,34,25,28,24,30,36,0,27,105,0,102,110,111,113,108,0,104,112,103,0,106,154,155,156,157,158,0,160,161,162,163,164,165,166,39,38,0,44,45,0,47,43,46,0,40,49,41,0,129,0,131,0,133,134,135,136,137,138,139,140,91,0,92,94,98,93,96,0,0,100,0,0,97,0,74,65,66,0,70,69,68,67,71,63,72,64,0,57,55,53,51,52,56,54,61,60,62,50,0,87,0,86,0,78,76,83,0,81,82,88,84,80,145,151,150,146,0,141,149,148,152,0,142,153,143
50,0,0,53,54,55,56,0,58,59,60,61,62,106,112,111,107,103,109,0,113,104,114,0,110,105,126,118,117,119,0,124,125,120,115,0,123,0,0,136,133,137,130,139,138,0,132,128,0,140,135,131,40,42,37,45,46,48,43,0,39,47,38,44,41,89,90,0,0,0,94,95,96,0,0,0,100,101,143,142,0,0,149,146,151,147,150,141,0,0,145,63,64,65,66,67,68,69,70,71,72,73,74,75,26,25,0,29,33,28,0,0,0,35,24,36,32,0,9,0,0,10,5,4,0,2,6,167,7,168,162,161,159,157,155,156,160,158,0,164,0,154,0,22,12,0,14,13,11,18,20,16,17,23,19,0,0,86,85,81,82,76,84,83,87,79,77,88,78
11,0,0,0,15,16,17,0,19,20,21,22,0,67,0,0,68,64,70,69,74,65,75,63,71,66,87,0,78,80,88,0,0,0,76,83,84,0,77,97,94,98,91,100,0,90,0,89,95,101,96,92,1,3,167,6,0,9,4,10,169,8,0,0,2,50,51,52,53,54,55,0,57,58,0,60,61,62,104,0,113,109,110,107,112,0,0,102,105,0,106,0,25,26,27,0,0,30,0,32,33,34,35,36,0,155,157,159,0,158,161,160,164,165,0,166,162,138,139,130,131,140,0,134,133,132,136,128,137,129,123,122,0,118,116,0,121,119,126,125,127,115,124,152,142,151,144,0,141,148,0,146,0,153,149,145,41,47,46,42,43,0,45,44,0,40,38,49,39
63,0,65,0,67,68,69,70,71,72,73,74,75,119,0,124,120,116,0,121,126,117,127,115,123,118,0,131,0,132,0,137,138,133,0,135,136,0,129,0,146,0,143,152,151,142,145,141,0,153,148,0,0,0,50,58,59,0,56,62,52,60,51,57,54,102,103,104,105,106,107,0,109,110,111,112,113,114,156,155,0,161,162,0,164,0,163,154,157,166,158,0,0,78,79,80,81,82,83,84,0,86,87,88,39,38,40,42,46,41,44,43,47,48,37,0,0,21,0,13,0,0,18,17,0,15,19,11,0,0,0,5,3,1,168,169,4,2,9,8,0,0,7,35,25,34,27,26,0,31,33,29,30,0,32,28,93,0,98,94,95,89,97,96,100,92,90,101,91
37,38,39,0,41,42,43,44,0,46,0,48,49,93,99,0,0,90,96,95,0,91,0,0,0,92,113,105,104,106,0,111,112,107,102,109,110,108,0,123,120,0,117,0,0,116,0,115,121,0,122,118,0,0,0,32,33,35,0,36,26,34,25,31,28,0,77,78,0,80,81,82,83,84,85,86,87,88,130,129,0,135,136,133,138,0,137,128,131,140,0,50,51,52,53,0,0,56,57,58,59,60,61,62,0,0,0,0,20,15,18,17,21,22,0,23,19,164,165,0,157,0,161,160,159,0,162,0,163,155,149,148,146,144,142,143,0,0,152,151,153,141,150,9,0,8,0,0,167,5,7,3,4,10,6,2,67,73,72,0,69,0,71,70,74,66,64,75,65
76,77,78,0,80,81,82,83,84,85,86,87,88,132,138,137,133,129,135,0,0,130,140,128,0,131,0,0,143,145,0,150,151,146,0,148,149,147,142,162,159,163,0,0,164,155,158,154,160,166,161,0,66,68,63,71,72,74,69,75,65,73,0,70,67,0,116,117,118,119,120,0,122,0,124,125,126,127,169,0,9,0,6,3,8,4,7,167,1,10,2,89,90,0,92,93,94,95,0,97,98,99,100,0,52,51,53,55,59,54,57,0,60,61,50,0,0,0,35,26,0,0,31,0,29,28,0,0,0,0,19,18,0,14,12,13,17,15,0,21,23,11,0,48,0,0,0,39,37,0,46,42,43,49,45,0,106,112,111,107,108,0,0,109,113,105,103,114,0
130,131,132,133,0,135,136,137,138,139,140,141,0,17,23,22,18,14,20,0,24,0,25,13,21,16,37,29,28,30,38,35,36,31,26,0,34,0,0,47,44,48,41,50,49,0,43,0,45,51,46,42,0,122,117,0,126,0,123,129,119,127,118,124,121,169,1,2,0,4,5,0,0,8,9,10,11,12,54,53,63,59,60,57,62,58,61,52,55,64,56,143,144,145,146,147,148,149,150,151,152,153,154,155,106,105,107,109,0,108,0,110,114,115,104,116,112,88,89,80,81,90,0,84,83,82,0,0,87,79,0,72,70,68,66,0,71,69,76,0,77,65,74,102,0,101,94,93,0,98,100,96,0,0,99,0,160,0,165,161,162,156,164,163,167,159,157,168,158
0,79,80,0,0,83,84,85,0,87,88,0,90,134,140,139,0,131,137,0,141,0,142,130,138,133,154,146,145,0,155,0,153,0,143,150,151,0,144,0,161,165,0,0,0,157,0,156,162,168,0,159,68,70,65,73,74,76,71,77,67,75,66,72,69,117,118,119,120,121,122,123,124,125,0,127,128,129,2,1,11,0,0,5,10,6,0,169,3,12,4,91,92,93,94,95,96,97,98,99,100,101,0,103,54,53,55,57,61,56,59,58,62,63,52,64,60,36,37,28,0,38,0,32,31,30,34,26,35,27,0,0,18,16,14,15,19,17,24,23,25,13,22,50,40,49,42,41,39,46,0,44,0,51,47,43,108,0,0,109,110,104,112,111,115,0,0,0,106
169,1,2,3,4,5,6,7,8,9,10,11,0,56,0,61,57,53,0,0,0,54,64,52,60,55,76,68,67,69,77,74,75,70,65,72,73,71,66,86,83,0,80,89,0,79,82,78,84,0,85,0,159,161,0,164,165,167,0,0,158,0,157,163,160,39,40,41,0,43,44,45,46,47,48,49,0,0,93,92,102,98,99,96,101,97,100,91,94,103,95,13,14,0,16,0,18,19,20,21,22,23,24,25,145,144,146,148,152,0,150,149,153,154,0,155,151,127,0,119,120,129,0,123,122,121,0,117,126,118,112,111,109,0,0,106,110,108,0,114,116,104,113,0,131,0,133,132,130,137,139,135,136,142,138,134,0,0,35,31,32,26,34,0,37,0,27,38,28
104,105,106,107,108,109,110,111,112,113,0,0,116,160,0,165,161,157,163,162,167,0,0,0,164,159,11,3,0,4,12,0,10,5,169,7,8,6,1,21,18,22,0,0,23,14,17,0,0,0,20,16,0,96,91,99,100,102,97,103,93,101,92,98,95,143,144,145,146,147,148,149,0,151,152,153,154,0,0,27,37,33,34,0,36,32,35,26,29,38,0,117,118,119,120,121,0,123,124,0,0,0,128,0,80,79,81,0,87,82,85,0,88,89,78,0,86,62,63,54,55,64,59,58,57,56,60,0,61,53,47,46,0,42,40,41,0,43,50,49,51,39,48,0,66,0,68,0,65,72,74,70,71,77,73,69,134,140,139,135,136,0,138,0,141,133,131,142,0
13,14,15,16,17,18,19,20,21,22,23,24,25,69,75,74,70,0,72,71,76,67,77,65,73,0,0,81,80,82,90,87,88,83,78,85,86,0,79,99,0,100,93,0,101,92,0,91,97,103,98,94,0,0,0,8,9,11,6,12,2,10,1,7,4,52,0,54,55,56,57,58,59,60,61,62,63,64,0,105,115,111,112,0,114,0,0,104,107,0,108,26,27,0,29,30,31,0,33,34,35,36,37,38,0,157,159,161,165,160,163,162,0,167,156,168,164,140,141,132,133,0,137,136,0,134,138,130,139,131,125,0,122,0,0,0,123,121,128,127,129,117,126,154,0,153,146,0,0,150,152,148,149,155,151,147,43,49,48,44,45,39,47,46,50,0,0,51,41
91,92,93,0,0,96,0,0,99,100,101,102,103,0,0,152,0,144,150,149,0,145,155,143,0,146,167,159,158,160,168,165,0,161,156,163,0,162,157,8,5,9,2,0,10,1,4,169,6,12,0,0,81,83,78,0,87,89,84,90,80,88,79,85,82,130,131,132,133,134,135,136,137,138,139,140,141,142,15,14,24,20,21,18,23,0,22,0,16,25,17,104,105,106,107,108,109,110,111,112,0,0,115,116,67,66,68,70,74,69,72,71,75,76,65,0,73,49,0,41,42,51,0,45,44,43,47,39,48,40,0,33,31,29,27,28,32,30,37,36,38,26,35,63,0,62,0,54,0,0,61,0,0,64,60,56,121,127,126,122,123,117,125,124,0,120,118,129,119
52,53,54,55,56,57,0,59,0,61,62,0,64,108,0,0,0,105,111,0,115,106,116,104,0,107,128,120,119,121,0,126,0,122,117,124,125,0,118,0,135,139,132,141,140,131,134,130,136,142,137,133,42,44,39,47,48,50,45,51,41,49,40,46,43,0,92,0,0,0,0,97,0,0,0,101,102,103,145,144,154,150,151,0,153,149,152,143,0,155,147,65,66,67,68,0,70,71,72,73,74,75,76,77,28,27,29,31,35,30,33,32,36,37,26,38,34,0,0,2,3,12,0,6,5,0,8,169,9,0,164,163,161,0,0,0,0,160,167,166,168,156,165,24,14,23,16,15,13,20,22,18,19,25,21,17,82,88,87,83,84,78,86,85,89,81,79,90,80
65,66,67,68,69,70,71,72,73,0,75,76,77,121,127,126,122,118,124,123,128,119,129,117,125,120,141,0,132,134,142,139,140,135,130,0,0,136,0,151,148,152,0,0,153,144,0,143,149,155,0,146,55,57,52,0,61,63,58,64,0,62,53,0,56,104,0,0,107,108,109,110,111,112,113,114,0,116,158,157,0,163,164,161,166,0,165,156,0,168,0,0,79,0,81,82,0,0,85,0,87,88,0,90,41,40,0,44,48,0,0,45,49,50,39,51,0,23,24,0,16,25,20,19,0,0,21,13,22,14,8,0,5,0,1,2,6,4,11,10,12,0,0,0,27,36,29,28,0,0,35,31,32,0,34,30,0,101,100,96,97,91,0,98,102,94,92,103,0
39,40,0,0,43,0,0,46,0,48,49,50,51,0,0,100,96,92,98,97,102,0,103,91,99,94,0,107,106,108,116,113,114,109,104,111,112,110,105,125,0,126,119,128,127,118,121,117,123,129,124,120,29,31,26,0,35,37,32,38,0,36,27,33,30,78,79,80,81,82,83,84,85,86,87,88,89,90,132,131,141,137,138,0,140,136,139,130,133,142,0,0,53,0,55,56,57,58,59,60,0,62,0,64,0,14,0,0,22,17,0,19,23,24,13,25,21,0,167,0,0,0,163,162,0,160,0,0,165,0,0,150,148,146,0,145,0,0,154,0,155,143,152,11,1,10,3,2,169,7,9,0,6,12,8,4,69,75,74,70,71,65,73,72,76,68,66,77,0
117,118,0,120,121,122,123,0,0,126,127,128,129,4,0,9,0,1,7,0,11,0,12,169,8,0,0,16,15,17,25,22,23,18,13,20,21,19,14,34,31,35,28,37,36,0,30,26,32,38,33,29,107,109,104,0,113,115,110,116,106,114,105,111,108,0,157,0,159,160,0,162,163,164,165,166,167,168,0,0,50,46,47,44,49,45,48,0,42,0,43,130,131,132,133,134,135,136,137,138,139,140,141,0,93,92,94,0,100,95,98,97,0,0,0,103,0,0,76,67,68,77,72,71,70,69,73,0,74,66,60,59,57,55,53,0,58,56,0,62,64,52,0,0,0,88,0,80,78,85,0,83,84,90,86,82,147,153,152,0,149,143,0,150,154,146,144,0,145
156,157,0,159,160,161,162,163,164,165,166,167,0,43,49,48,44,40,46,45,50,41,51,0,47,0,63,0,54,56,64,61,0,57,52,59,0,0,53,0,70,74,67,76,75,66,69,65,71,77,72,68,146,148,143,151,152,154,149,155,145,153,144,150,0,26,27,28,29,0,0,32,33,34,35,36,37,38,80,79,89,85,86,0,0,84,0,78,81,90,0,169,1,2,3,4,5,0,7,0,9,10,0,0,132,131,133,135,139,134,137,136,140,141,0,142,138,114,0,0,0,116,0,110,109,108,112,104,113,105,99,98,96,94,92,93,0,95,102,0,103,0,100,128,118,127,0,119,0,124,0,122,0,129,125,121,17,23,22,0,0,0,21,0,24,16,14,0,15
143,144,145,146,0,148,0,150,151,152,153,0,155,30,0,35,31,27,33,0,37,28,38,26,34,29,50,42,0,43,51,0,49,44,39,46,0,45,40,0,57,61,54,63,62,53,56,52,58,64,59,55,0,0,130,138,139,141,136,142,132,0,131,137,134,13,14,15,0,17,0,19,20,0,22,23,24,0,67,66,76,72,73,70,0,71,74,65,68,77,69,156,157,158,159,160,161,162,163,164,0,166,167,168,119,118,120,122,126,121,124,123,127,128,117,129,125,101,0,93,94,103,98,97,96,0,99,0,0,92,0,85,83,0,79,80,0,82,0,0,90,78,87,115,0,0,107,0,104,111,113,109,110,116,0,0,0,10,9,5,6,169,8,7,0,3,1,0,2
26,27,28,29,0,31,32,33,34,0,0,37,38,0,88,0,83,79,85,84,0,80,90,0,0,81,0,94,93,95,103,100,101,96,91,0,99,97,92,112,109,113,106,0,0,105,0,104,110,0,111,107,16,0,13,21,22,24,0,25,15,23,14,20,17,65,66,67,68,0,70,0,72,73,74,75,0,77,0,118,128,124,125,122,127,123,126,117,120,129,121,39,40,41,0,43,44,0,46,47,48,49,50,51,0,1,3,5,9,4,7,6,10,11,169,0,8,153,154,145,146,155,150,149,148,147,151,143,152,144,138,137,135,133,131,132,136,0,141,140,0,130,139,167,157,166,159,0,156,163,165,161,162,168,0,160,56,62,0,57,58,52,60,59,0,55,53,64,0
34,35,36,37,38,39,40,41,0,43,0,0,46,90,96,0,0,0,93,92,97,0,98,86,0,89,110,102,101,103,111,108,109,104,99,106,107,105,100,120,117,0,114,123,122,113,116,112,0,0,0,0,24,26,21,29,30,32,27,33,23,31,22,28,25,73,74,75,0,77,78,0,80,81,82,83,84,85,127,0,136,132,133,0,135,131,0,0,128,137,0,0,48,49,50,51,52,53,54,55,56,57,0,0,0,9,11,13,17,12,15,14,18,19,0,20,16,161,162,0,154,163,158,0,0,155,0,151,160,152,146,145,143,0,0,140,144,142,0,148,150,138,147,6,165,5,167,166,164,2,4,169,1,7,0,168,64,70,0,65,66,60,0,0,71,0,61,72,62
21,22,23,24,0,26,27,0,29,30,31,32,33,0,83,82,0,74,80,79,84,75,85,73,81,76,97,89,88,90,98,95,96,91,86,93,94,92,87,107,0,108,101,0,0,100,0,99,0,111,106,0,11,13,8,0,17,19,14,0,10,18,9,15,12,60,61,62,63,64,65,66,0,0,69,70,71,0,0,0,123,119,120,0,122,118,121,112,115,124,0,34,0,36,37,0,39,0,41,0,0,44,45,46,166,0,0,169,4,168,2,1,5,6,0,7,3,148,149,0,141,150,0,144,143,0,0,138,147,139,133,132,130,128,126,0,131,129,0,135,137,125,134,162,152,161,154,153,151,158,160,0,0,0,159,155,51,0,56,52,53,47,55,54,58,50,48,59,49
8,9,0,11,12,13,14,15,0,17,18,0,20,64,70,69,65,61,67,66,71,0,72,60,68,63,84,76,0,77,0,82,83,78,73,80,81,0,0,94,0,95,88,97,96,87,90,86,92,98,93,0,167,169,164,3,4,6,1,7,166,0,165,2,168,47,48,49,50,51,52,53,54,55,56,57,58,59,101,100,0,106,107,104,109,105,108,99,102,0,103,21,22,23,24,25,26,27,28,29,30,31,32,33,153,152,154,156,160,0,158,157,0,162,151,0,159,135,0,127,128,137,0,131,130,129,133,125,134,126,0,119,117,115,0,114,118,116,123,122,124,112,121,149,139,0,141,140,138,0,147,143,0,150,146,142,0,44,43,39,40,34,42,41,45,37,35,0,0
0,165,166,167,168,169,0,2,0,4,0,6,7,51,57,56,52,48,54,53,58,49,59,47,55,0,71,63,0,64,72,0,0,65,60,67,68,66,0,81,0,82,75,0,0,0,77,73,79,0,0,76,154,156,151,159,160,0,0,163,153,0,152,158,155,34,35,36,0,38,0,0,41,42,43,0,45,46,0,87,97,93,94,0,96,92,95,86,89,98,90,0,9,10,11,0,13,14,15,0,17,18,19,20,140,139,141,143,0,142,145,144,0,149,0,150,146,122,123,114,115,0,119,118,117,116,0,0,121,0,107,0,104,102,100,101,105,103,110,109,0,99,108,136,126,135,128,127,125,132,134,130,131,137,133,129,0,31,30,26,0,21,29,28,32,0,22,33,0
0,152,153,154,0,0,157,158,159,0,0,162,0,38,44,43,39,35,41,40,0,36,46,34,42,0,58,50,0,51,59,56,57,52,47,0,55,53,48,68,65,69,62,71,70,61,64,60,66,72,67,63,141,0,0,0,147,0,144,0,140,148,139,145,142,21,22,23,24,25,26,0,28,29,30,31,32,33,0,74,84,0,0,78,83,79,82,0,76,85,0,164,165,166,0,168,169,1,2,3,4,5,6,0,127,126,128,130,134,0,132,0,135,136,125,137,133,109,110,0,102,111,106,105,104,103,107,99,108,100,94,0,0,89,87,0,92,90,0,96,98,86,95,123,113,122,115,114,112,0,0,117,118,124,0,116,0,18,17,13,14,8,16,0,19,11,9,20,10
138,139,0,141,142,143,144,145,146,147,148,149,150,25,31,30,26,22,28,27,32,23,33,21,29,24,45,37,36,0,46,43,44,39,34,41,0,0,0,55,52,56,49,58,57,48,51,0,0,59,54,50,128,130,125,133,134,0,131,137,0,135,0,0,129,8,9,10,11,12,13,14,15,16,17,18,19,20,0,61,71,67,68,65,70,66,69,60,63,72,64,0,0,153,154,155,156,157,158,159,160,161,162,163,0,113,115,117,121,116,119,118,122,0,112,0,0,0,0,88,89,98,93,0,91,90,0,86,95,0,81,0,0,76,0,75,0,77,84,83,85,0,82,0,100,109,102,0,0,106,108,104,105,111,107,103,168,5,4,169,0,164,3,2,0,0,0,7,166
125,126,127,128,129,130,131,0,133,134,135,136,137,12,18,17,13,9,15,14,19,10,20,0,0,11,32,0,0,25,33,30,31,0,21,28,29,27,22,42,0,0,36,0,44,35,38,34,40,46,41,0,115,117,112,0,121,123,118,124,0,122,0,119,116,164,0,0,167,168,169,1,2,3,4,0,6,7,0,48,58,54,0,0,0,53,0,0,0,59,51,138,139,140,0,142,143,0,145,146,147,148,149,0,101,100,102,104,108,103,106,105,0,110,99,0,0,83,84,0,76,85,80,79,78,77,81,73,82,74,68,67,65,63,61,0,66,64,71,70,72,60,0,97,87,96,89,88,86,93,95,91,92,98,94,90,155,161,160,156,157,151,159,158,162,154,0,163,153
112,113,114,115,0,117,118,0,0,0,122,123,0,0,5,4,0,165,0,1,6,166,7,164,0,167,19,0,10,12,20,17,18,13,0,15,16,14,9,29,26,30,23,32,31,22,25,21,27,33,0,24,0,104,99,107,0,110,105,111,101,109,100,106,103,0,0,153,154,155,156,157,0,159,160,161,162,163,36,35,0,0,42,0,44,40,0,34,37,0,0,125,126,127,0,129,130,131,132,133,134,135,0,0,88,0,89,91,95,90,93,92,96,0,86,98,94,70,71,62,63,72,67,66,65,64,68,60,0,61,55,54,52,50,48,49,53,0,58,57,59,47,56,84,0,83,76,75,73,80,82,78,0,85,81,0,142,0,147,143,0,138,0,145,149,141,0,150,140
99,100,101,102,0,104,105,106,107,108,0,0,111,155,161,160,156,152,0,0,162,153,163,0,159,0,6,167,0,168,7,0,5,169,0,2,3,1,165,16,13,17,0,19,18,9,12,8,14,20,15,11,0,91,86,94,95,97,92,98,88,96,0,93,90,138,139,0,141,142,143,144,145,146,147,148,0,0,23,22,32,28,0,26,31,27,30,21,24,33,25,112,113,0,115,116,0,0,0,0,0,122,123,124,75,74,0,78,82,77,80,79,83,84,73,85,0,57,58,49,50,59,54,53,0,0,55,0,56,48,42,41,39,0,35,0,40,38,45,44,46,34,43,71,0,70,63,62,60,67,69,65,0,72,68,64,129,135,134,130,131,125,0,132,136,0,126,137,0
0,87,88,89,90,91,92,93,94,0,96,97,98,142,148,147,0,139,0,144,0,140,150,0,146,141,162,154,153,155,163,0,161,156,0,158,159,0,0,3,169,4,166,0,5,165,0,164,1,7,2,0,0,0,73,81,82,84,79,85,75,83,74,80,77,125,126,127,128,0,130,131,132,133,134,135,136,137,10,9,19,15,16,13,0,0,0,8,11,20,12,99,100,101,102,103,0,105,106,107,108,109,110,111,62,61,63,0,69,64,67,0,70,0,60,72,68,44,45,0,37,46,41,0,39,0,42,34,43,35,29,28,26,0,22,23,27,25,32,0,33,0,30,58,48,57,0,49,47,0,56,52,0,59,55,51,116,122,0,117,118,0,120,119,123,115,113,0,114
73,74,75,76,77,78,79,80,81,0,83,84,85,129,135,134,0,126,132,131,136,127,137,125,133,128,0,141,140,0,150,147,148,143,138,0,146,144,139,159,0,160,153,162,0,152,155,151,0,163,158,154,63,0,60,68,69,71,66,72,0,70,0,67,64,112,113,0,115,116,117,118,119,120,121,122,123,0,166,0,6,2,3,169,5,1,0,0,167,7,168,86,0,88,89,90,0,0,93,0,95,96,97,0,49,0,50,0,0,51,54,0,57,0,47,59,0,0,32,23,24,33,28,0,0,25,0,21,30,22,0,15,13,11,9,10,0,0,0,18,0,8,17,45,0,44,37,36,34,41,43,39,40,46,0,38,0,109,108,104,0,99,107,106,110,102,100,111,0
0,61,62,0,0,65,66,0,68,0,70,71,72,0,122,121,117,113,0,118,123,0,124,112,120,115,136,0,127,129,137,134,0,0,0,0,133,131,126,146,0,147,140,0,148,139,142,138,144,0,145,141,0,52,47,55,56,58,53,59,49,57,48,54,51,99,100,0,0,103,104,105,106,107,108,109,110,111,0,152,162,158,159,156,161,157,0,151,0,163,155,0,74,75,0,77,78,79,0,81,82,83,84,85,36,35,37,39,43,0,41,0,44,45,0,0,0,18,19,0,11,20,0,14,13,0,16,8,0,9,0,2,169,167,165,166,1,168,6,5,0,164,4,32,22,31,24,23,21,28,30,0,27,33,0,25,90,96,95,91,92,86,94,93,97,0,87,98,0
47,48,49,50,0,52,53,0,55,56,57,0,59,103,109,108,0,100,106,105,0,0,0,0,0,102,123,0,114,116,124,121,122,0,112,119,0,0,0,133,130,0,127,136,135,126,129,125,131,137,132,128,37,39,0,42,43,45,40,46,36,0,35,0,38,0,87,88,0,90,91,0,0,0,95,96,97,98,140,139,149,145,146,143,148,144,147,138,141,150,142,0,61,62,63,64,65,66,67,68,0,70,71,0,23,22,0,26,30,25,0,0,31,32,21,33,29,5,6,166,167,7,2,1,169,168,3,164,4,165,159,0,156,154,152,153,157,155,162,161,163,151,160,19,9,0,0,10,8,0,17,13,0,20,16,12,77,83,82,78,79,0,0,80,84,76,74,0,75
54,0,56,57,58,59,60,0,62,63,64,65,66,110,0,115,111,107,113,112,0,108,0,106,114,109,130,122,121,123,131,128,0,124,119,126,127,0,120,140,0,141,134,0,142,133,0,132,138,0,139,135,44,46,41,49,50,52,0,53,43,0,0,48,0,93,94,95,0,97,98,99,100,101,102,103,104,105,147,146,156,0,153,150,155,0,0,145,148,157,149,67,0,69,70,71,0,73,74,75,76,0,78,79,0,29,31,0,0,32,35,0,0,39,0,0,36,12,13,4,5,14,9,8,7,6,10,2,11,3,166,0,163,0,159,160,164,162,169,168,1,158,167,26,16,25,18,17,15,22,24,20,21,27,23,0,84,0,89,85,0,80,88,87,0,83,81,0,82
119,120,0,122,123,0,125,126,127,128,129,130,131,0,0,11,7,3,9,8,13,0,0,2,10,5,0,18,17,0,0,0,25,0,15,0,23,21,16,36,0,37,30,39,38,29,32,28,34,40,0,0,0,111,106,114,115,0,0,118,0,116,107,113,0,0,159,160,0,162,163,0,0,166,167,168,0,1,43,42,52,0,49,46,51,47,50,41,0,53,0,132,133,134,135,0,137,138,139,140,141,142,143,0,95,94,96,98,0,97,100,99,0,104,93,105,101,77,0,69,0,79,74,73,0,71,0,0,76,0,62,61,59,57,55,56,60,58,65,64,0,54,63,0,0,90,0,82,80,0,89,85,86,92,88,84,149,0,154,150,151,145,0,152,156,148,0,157,147
158,159,160,161,162,163,164,165,166,167,168,169,1,45,51,50,0,42,0,47,52,0,53,41,49,44,65,57,56,58,66,63,64,59,54,61,62,60,55,75,72,76,69,78,77,68,71,67,73,79,74,70,0,150,145,0,154,156,151,157,147,155,146,152,0,28,29,0,0,32,33,34,35,36,0,38,39,40,82,81,91,87,88,85,90,86,89,80,83,92,84,0,3,4,5,6,7,0,9,10,11,12,13,14,0,133,0,0,0,136,139,138,142,143,0,144,140,116,117,0,109,118,113,112,111,110,114,106,115,107,101,0,98,96,94,95,99,0,104,0,105,0,0,130,120,0,122,121,119,126,0,0,125,131,0,123,19,0,24,20,21,15,0,22,26,18,16,27,17
0,0,108,109,110,111,112,113,114,115,116,0,0,162,168,167,163,159,0,164,169,0,1,158,166,161,13,5,4,6,14,11,0,7,0,9,10,8,0,0,20,24,17,26,0,16,0,15,0,0,22,18,96,98,93,101,102,0,99,105,0,103,94,0,97,145,146,147,148,149,0,0,0,153,0,0,156,157,0,29,39,35,36,0,38,0,37,28,31,0,32,119,0,0,122,123,0,125,126,127,128,129,130,131,82,0,83,0,89,84,0,86,0,0,80,92,88,64,65,56,57,66,61,60,59,58,62,54,63,55,0,48,46,44,42,43,47,45,0,51,53,41,50,78,68,77,70,69,67,74,76,72,73,79,75,71,136,142,141,137,138,0,140,139,143,135,133,144,0
0,94,0,96,97,98,99,100,101,0,103,104,105,149,155,154,0,146,152,151,156,147,157,0,153,0,169,0,0,0,1,167,168,163,158,165,0,164,159,10,0,11,4,13,12,0,6,2,8,14,9,5,83,85,80,88,89,91,86,92,82,90,81,87,84,132,133,134,135,136,137,138,139,140,141,142,0,144,17,16,26,22,23,20,25,21,0,15,0,27,19,0,107,0,109,0,111,112,0,0,115,116,0,118,69,68,70,72,76,71,74,73,77,78,67,79,75,51,0,43,0,53,48,0,0,45,49,41,50,42,36,35,0,31,0,30,34,32,39,38,40,0,37,0,55,64,57,0,54,61,63,0,60,0,62,58,123,129,128,0,0,119,127,0,130,122,120,131,121
15,16,0,0,0,0,21,0,23,24,25,26,27,71,0,76,72,68,74,0,78,69,79,67,0,70,0,83,82,84,0,89,90,85,80,87,88,86,0,101,0,102,0,104,103,94,97,93,0,105,100,96,5,7,2,10,11,13,8,14,4,0,3,9,6,54,0,56,57,58,59,60,61,62,63,64,65,66,108,107,117,113,114,111,0,112,0,106,109,118,110,28,29,30,31,32,33,0,0,36,37,38,39,40,0,159,161,163,167,162,165,164,168,169,158,1,0,142,143,134,135,144,139,138,137,136,140,0,141,133,0,126,124,122,120,121,0,123,130,129,131,0,128,156,146,155,148,147,145,152,154,150,151,157,0,149,45,51,50,0,47,41,49,48,52,44,42,53,43
67,0,69,70,71,0,73,0,75,76,77,78,0,123,129,128,124,0,126,125,130,0,131,119,127,122,143,135,134,136,144,141,142,137,132,139,140,138,133,153,0,0,147,156,155,146,149,0,151,157,152,148,57,59,0,62,63,65,0,66,56,64,0,61,58,106,107,108,109,110,111,112,113,114,115,116,117,118,160,0,169,165,166,163,168,0,167,0,0,1,0,0,0,82,0,0,85,0,87,88,0,90,0,92,43,42,0,46,50,45,0,47,0,52,0,53,0,25,0,17,18,27,22,21,20,0,23,15,24,16,10,9,7,5,3,0,0,6,13,12,14,2,11,39,29,38,31,30,0,0,37,33,34,40,0,32,97,103,102,98,99,93,0,100,104,0,94,105,0
41,0,0,44,45,46,47,48,49,50,51,52,53,97,0,0,0,94,100,99,104,95,105,93,0,96,117,109,108,110,118,115,116,111,106,113,114,112,107,127,124,128,121,130,129,120,0,119,125,131,126,122,0,33,28,0,0,39,34,40,30,0,0,0,0,0,81,0,83,0,85,86,87,88,89,90,91,0,0,133,143,139,140,137,142,0,141,0,135,144,136,54,0,56,57,58,59,60,61,62,63,64,0,66,17,16,0,20,24,19,0,21,0,26,15,27,23,0,169,160,161,1,165,164,163,162,166,158,167,159,0,152,150,148,146,147,0,149,156,155,157,0,0,13,3,0,5,4,0,0,0,0,8,14,10,6,71,77,76,72,73,67,75,74,78,70,0,79,69
0,133,134,0,136,137,138,139,0,141,142,0,144,19,25,24,20,16,22,21,26,17,27,15,23,18,39,31,30,0,40,37,38,33,28,35,0,34,29,49,46,50,43,52,51,0,45,41,0,53,48,44,122,124,119,127,128,130,125,131,121,129,120,126,123,2,3,4,5,6,7,8,9,10,11,12,0,14,0,0,0,61,62,59,64,60,63,54,57,0,58,145,0,147,0,149,150,151,152,153,154,0,156,157,0,0,109,111,115,110,113,112,116,0,106,0,0,90,91,82,0,0,87,86,85,84,88,0,0,81,0,74,0,70,68,69,73,0,78,77,0,0,76,104,94,0,96,95,93,100,102,98,0,0,101,0,0,168,167,163,164,158,0,0,169,161,0,1,160
0,29,30,0,32,0,34,0,0,37,38,0,40,84,90,89,85,81,87,86,91,82,92,80,88,0,104,96,95,97,105,102,103,0,0,100,101,99,94,114,111,115,108,117,116,107,110,106,112,118,113,109,18,20,15,23,24,26,21,0,17,25,16,0,0,0,68,0,0,71,72,73,74,75,76,77,78,79,121,120,0,126,127,124,0,125,128,119,122,131,123,41,42,0,0,45,46,47,48,0,50,51,52,53,4,3,5,7,0,6,9,8,12,13,2,0,10,155,156,147,148,157,152,151,150,149,153,145,154,146,140,139,137,135,133,0,138,136,143,0,144,0,141,0,0,168,161,160,0,165,167,163,0,1,166,0,58,64,63,59,60,54,62,61,65,57,55,66,56
145,146,147,148,149,0,151,152,153,154,155,156,157,32,38,37,33,0,35,34,0,30,40,0,36,31,0,44,0,0,53,0,51,0,0,48,0,0,0,0,0,63,56,65,0,0,0,54,60,66,61,0,135,137,0,140,141,143,138,144,134,142,133,0,136,0,16,17,0,19,20,21,22,23,0,25,26,27,69,0,0,74,75,72,77,73,0,67,70,0,0,0,159,160,161,0,163,164,165,166,167,168,169,1,121,120,122,124,128,123,0,125,129,130,0,131,127,103,104,95,96,0,100,99,98,97,101,93,102,94,0,87,85,83,81,82,86,0,91,90,92,80,0,117,107,116,109,108,106,113,0,111,0,118,114,110,6,12,0,0,8,2,10,9,13,5,3,14,4
80,0,82,83,84,0,86,87,88,89,90,91,0,136,142,0,137,133,139,138,0,134,144,132,140,0,156,148,147,149,157,154,155,150,145,0,153,151,146,0,0,0,160,169,168,159,0,0,164,0,165,161,70,72,67,75,76,78,73,79,69,77,68,74,71,0,120,121,122,0,124,125,126,127,128,129,0,131,4,0,0,9,10,0,0,0,11,2,5,14,6,0,94,95,96,97,98,99,100,101,102,103,104,105,56,0,57,59,63,0,0,60,64,0,54,66,0,0,39,0,31,40,35,0,33,32,36,0,0,29,23,22,20,18,0,17,21,0,0,25,27,0,24,52,42,51,44,43,41,48,50,46,0,53,49,0,110,116,115,111,112,106,0,113,117,109,107,118,108
2,3,4,5,6,7,8,9,10,11,12,13,0,58,64,0,59,55,61,60,65,56,66,54,62,0,78,70,69,71,79,76,77,72,0,0,75,73,68,88,0,89,82,91,90,81,84,0,86,92,87,83,161,163,158,166,0,169,0,1,0,0,159,165,162,41,0,43,0,45,46,47,0,0,0,51,52,53,95,0,0,100,101,0,103,99,102,93,96,105,97,0,0,17,18,19,20,21,22,23,24,0,0,27,147,146,0,150,154,149,152,0,155,156,145,157,0,0,130,0,122,131,126,125,124,0,127,119,128,120,114,113,0,109,107,108,112,0,117,0,118,106,0,0,133,142,135,134,132,0,141,137,0,144,0,0,0,38,37,33,34,0,36,0,39,31,0,40,30
97,0,99,100,0,102,103,0,105,106,0,108,109,153,0,0,154,0,156,155,160,151,161,149,0,152,4,165,164,166,5,2,3,167,162,169,1,168,0,14,0,15,8,17,16,0,10,6,12,18,0,9,87,89,84,92,93,95,90,96,86,0,0,0,88,136,137,138,0,0,141,0,143,144,145,146,0,148,21,20,30,26,27,24,29,25,28,19,22,31,23,110,111,0,113,114,0,116,117,118,119,0,0,122,73,72,74,76,80,75,0,77,0,82,71,83,79,55,56,47,48,57,52,51,0,49,0,45,54,46,40,39,37,35,33,34,38,36,43,42,44,32,41,0,0,68,61,60,58,65,67,0,64,70,66,0,127,133,0,128,129,0,131,130,0,126,124,0,0
45,46,47,0,0,0,51,52,53,0,55,56,0,101,0,106,102,98,104,103,108,99,109,97,105,100,121,113,112,114,122,119,120,0,110,117,118,116,111,131,128,0,0,134,133,124,127,0,0,135,0,126,35,37,32,40,41,43,38,44,34,0,33,39,36,84,85,0,87,88,0,0,91,92,93,0,95,96,138,0,0,143,0,0,146,142,145,136,139,148,140,58,59,60,61,0,63,0,65,66,67,68,69,70,21,20,22,24,28,23,26,25,0,0,19,31,27,3,4,164,165,5,169,168,167,166,1,162,0,163,157,156,154,152,150,151,155,153,0,159,161,0,158,17,0,16,9,0,6,0,15,11,12,18,14,10,75,81,0,76,77,71,79,78,0,74,72,83,73
123,124,125,0,127,128,129,130,131,0,133,134,135,10,16,15,11,7,13,12,17,8,18,0,14,9,30,22,0,23,31,28,29,24,19,26,27,25,20,40,37,41,34,43,42,33,36,32,0,44,39,0,0,115,110,118,119,121,116,122,112,120,111,117,0,162,163,164,0,0,167,168,169,1,2,3,4,0,47,0,56,52,53,0,55,0,0,45,48,57,49,0,137,138,139,140,141,142,0,144,145,146,147,148,99,98,100,102,106,101,104,103,0,0,97,109,105,0,0,73,0,0,0,77,76,75,79,71,80,72,66,65,63,61,59,0,64,62,0,0,0,0,67,95,85,94,87,86,84,0,93,89,0,96,0,0,0,159,158,0,0,0,0,0,160,0,150,161,151
0,85,86,87,88,89,90,91,92,0,94,95,96,140,146,0,141,137,143,142,147,138,148,0,144,139,160,152,151,153,161,158,159,0,0,156,157,155,150,1,167,2,164,4,0,163,166,162,168,5,169,165,0,76,71,79,0,82,77,83,0,81,72,78,75,123,124,125,126,127,128,129,130,0,132,133,0,0,8,7,17,13,14,11,16,12,15,0,9,18,10,97,98,99,100,101,0,103,104,105,0,0,108,109,60,59,61,63,67,0,65,64,68,69,58,70,66,0,43,34,0,0,39,38,37,36,40,0,41,33,0,0,24,22,20,0,25,0,30,0,31,0,28,56,0,55,48,47,0,0,54,50,0,57,53,49,114,120,119,115,116,110,118,117,121,113,0,122,112
0,137,138,139,0,0,0,143,144,145,0,147,148,0,0,28,24,20,26,0,30,0,0,19,27,22,43,35,34,36,44,41,42,37,32,39,0,0,33,53,50,54,47,56,55,0,49,45,51,57,52,48,126,128,123,131,0,134,129,0,0,133,124,130,127,6,7,8,0,10,11,0,0,14,15,16,17,0,60,59,0,65,66,0,0,0,67,58,61,70,62,149,150,151,152,153,154,155,0,157,158,159,160,161,0,0,113,115,119,0,117,116,120,121,0,122,0,94,95,86,87,96,91,90,89,88,92,84,93,0,79,78,0,74,72,73,0,75,82,81,83,0,80,108,98,107,100,0,0,104,106,102,103,109,105,101,166,3,0,167,168,162,1,0,4,165,163,5,164
0,0,73,74,0,76,77,78,79,80,0,0,83,0,133,132,128,0,0,0,134,0,135,0,0,0,147,139,138,0,148,145,0,141,136,143,144,142,137,0,154,158,151,160,0,0,0,149,0,161,0,152,61,63,58,66,67,0,64,70,60,68,59,65,62,110,111,112,113,114,115,116,117,118,119,120,121,122,164,163,4,169,0,167,3,168,2,162,165,5,166,84,85,86,87,88,89,0,0,0,93,94,95,96,47,0,48,50,54,0,52,51,55,56,0,57,53,29,30,0,22,31,26,25,24,0,27,0,28,20,14,13,11,9,7,8,12,10,17,16,0,6,15,43,33,42,35,34,32,39,41,37,38,44,40,36,101,0,106,102,103,0,105,104,108,100,98,109,99
110,111,112,113,114,115,116,117,118,119,120,0,122,0,3,2,167,163,169,168,4,164,0,162,0,165,17,9,8,0,18,15,16,11,6,13,14,12,0,0,24,28,21,30,29,20,0,19,25,31,0,0,100,102,97,105,106,108,103,109,0,107,98,104,101,0,0,151,152,153,154,0,156,157,158,0,160,161,0,33,0,39,40,37,42,38,0,32,35,44,36,0,124,125,126,127,128,129,0,131,0,133,0,0,86,85,0,0,93,88,91,90,94,95,0,0,92,68,69,60,0,70,0,64,63,62,66,58,67,59,0,0,50,48,46,47,51,49,56,0,57,0,54,82,72,81,74,73,71,78,80,76,77,83,79,75,140,0,145,141,142,136,0,143,147,139,0,148,138
19,20,21,22,23,0,25,26,27,28,29,0,31,75,81,80,76,0,0,77,0,73,83,71,79,74,95,87,86,88,96,93,94,89,84,0,92,90,85,105,102,106,0,108,107,98,101,97,0,0,104,100,0,0,0,0,15,17,12,18,8,16,0,13,10,58,59,60,61,0,63,64,65,0,67,0,69,70,112,111,0,117,0,115,120,0,119,110,113,0,0,32,33,34,0,36,37,38,0,40,0,42,43,44,164,163,165,167,2,166,169,168,0,4,162,5,0,146,147,0,139,148,143,0,141,140,144,0,145,0,0,130,128,126,124,125,129,127,134,133,135,0,132,160,0,159,152,151,149,156,158,154,155,161,157,0,49,0,54,50,51,45,53,52,56,48,46,0,0
162,0,164,165,166,0,168,0,1,2,3,4,5,49,55,54,50,46,52,51,56,47,57,45,0,48,69,0,60,62,70,67,68,63,58,0,66,64,59,79,76,80,73,82,81,72,75,71,77,83,0,74,152,0,149,0,158,160,155,161,151,159,150,156,153,32,0,34,35,36,37,38,39,40,41,42,43,44,0,85,95,91,0,89,94,90,93,84,87,0,88,0,7,8,0,10,11,12,13,14,0,0,17,18,0,0,139,141,0,140,143,142,0,147,136,148,0,0,121,112,113,122,117,116,0,114,0,110,119,111,105,104,0,0,98,99,0,101,108,107,109,0,0,134,124,133,126,125,0,0,132,0,129,0,131,0,23,29,0,24,25,19,0,26,30,0,20,31,21
32,0,34,35,36,37,38,39,40,41,42,43,44,88,94,93,89,0,91,0,0,86,0,84,92,87,108,100,99,0,109,106,107,102,97,104,105,103,0,118,115,119,0,121,0,111,114,110,116,122,117,113,22,24,19,27,0,30,25,31,21,0,20,26,23,71,72,73,74,75,76,0,78,0,80,81,0,83,125,124,134,130,0,128,133,129,132,123,126,0,0,45,46,47,48,49,50,51,0,0,54,55,56,0,8,7,9,11,15,0,13,12,0,17,0,0,0,159,160,151,152,161,156,0,0,153,157,149,158,150,0,143,141,139,0,0,0,0,147,0,148,0,145,4,163,3,165,164,162,169,2,167,168,5,1,166,62,68,0,63,64,58,66,65,69,61,59,70,60
6,7,8,9,10,11,12,0,14,15,16,17,0,62,68,67,63,59,65,64,69,0,70,58,0,61,82,74,73,0,83,0,81,76,71,78,79,77,72,92,89,93,0,95,0,0,88,84,90,96,0,0,165,0,162,1,2,4,168,0,164,3,163,169,0,45,0,0,0,49,0,51,0,0,54,55,56,57,99,98,108,104,105,102,107,103,106,97,100,109,101,19,20,21,22,23,0,25,26,27,28,0,30,31,151,150,152,154,158,153,156,155,0,160,149,0,0,133,134,125,126,135,130,0,128,127,131,123,132,124,118,117,115,113,111,112,0,114,121,120,122,110,119,147,137,146,139,0,136,143,145,141,142,148,144,140,0,42,0,37,38,32,40,39,43,35,0,44,0
149,0,151,152,153,154,155,156,0,158,159,160,161,36,0,0,0,33,0,0,43,0,44,32,40,35,56,0,47,49,0,54,0,50,45,0,53,51,46,0,63,67,60,69,68,0,62,0,64,70,65,0,139,141,136,144,145,0,142,148,138,146,137,143,140,19,0,21,0,23,0,0,26,27,28,29,30,31,73,72,82,78,79,0,81,0,80,71,74,83,75,0,0,164,165,166,167,0,169,0,0,0,4,5,125,124,0,128,132,127,130,129,133,0,123,135,131,0,108,99,0,0,104,103,102,101,105,97,106,0,92,91,0,87,85,86,90,88,95,94,96,0,93,121,0,120,0,112,0,0,119,115,116,122,118,114,10,16,15,0,12,6,14,13,0,9,7,18,8
58,59,0,61,62,63,64,0,0,67,68,69,70,0,120,0,115,0,117,116,121,112,122,0,118,113,134,0,125,127,135,0,0,128,123,130,0,129,124,0,141,145,138,147,146,137,140,0,142,0,143,139,48,50,45,53,54,56,51,57,0,55,0,52,49,97,98,99,100,101,102,103,0,0,106,107,108,109,151,0,160,156,0,0,159,155,158,149,152,161,0,71,72,73,0,75,76,77,78,79,80,81,82,83,34,33,35,37,41,36,39,0,42,43,32,44,40,16,0,8,0,0,0,12,11,10,14,0,15,7,1,0,0,165,163,164,168,166,4,3,5,0,0,30,20,0,22,0,19,26,28,0,0,31,27,0,88,94,93,89,90,0,92,91,95,87,85,96,86
152,153,154,155,156,157,158,159,160,0,0,163,164,39,0,0,40,36,0,41,46,37,47,35,43,38,0,0,0,52,60,57,58,53,0,55,56,54,49,69,66,70,63,72,71,62,65,0,67,73,68,64,0,144,139,0,148,150,145,151,141,149,140,0,143,22,23,0,0,0,27,28,29,30,31,32,33,34,0,75,85,0,82,79,84,80,83,0,77,0,78,165,166,167,168,169,1,0,3,0,5,0,7,8,128,127,129,131,135,130,133,132,136,0,126,138,134,110,111,102,0,112,0,106,105,104,108,100,109,101,95,94,92,90,88,89,93,91,98,97,99,87,96,124,114,123,116,115,113,120,0,118,0,125,121,117,13,19,18,14,15,9,0,16,0,12,10,0,0
35,36,37,0,39,40,41,42,43,44,45,46,47,91,0,96,92,88,94,93,98,89,99,87,95,90,111,103,102,104,112,109,0,105,100,107,108,106,101,0,0,122,115,124,123,114,0,113,0,125,120,116,0,0,22,30,31,33,0,34,0,32,23,29,26,74,75,76,77,78,79,0,81,82,83,84,85,86,0,127,137,133,0,0,0,132,135,0,129,0,0,48,49,50,51,52,0,0,55,56,0,58,59,60,0,10,12,14,18,13,16,15,19,20,9,21,17,162,0,154,0,164,159,158,157,156,0,152,161,153,147,0,144,142,140,141,145,143,150,149,0,0,148,0,166,0,0,167,165,3,5,1,2,0,0,169,0,0,70,66,67,61,69,68,72,64,62,73,0
100,101,0,103,104,105,106,107,108,109,110,111,112,156,0,161,157,153,0,158,163,154,164,152,160,155,7,168,167,169,8,5,6,1,165,3,4,2,166,17,14,18,11,20,19,0,13,9,15,21,16,12,90,0,0,95,96,98,93,0,89,97,88,94,91,139,140,141,142,143,144,0,146,147,0,149,150,151,24,23,33,0,0,27,32,28,0,22,25,34,26,113,0,115,116,117,0,119,120,0,122,0,124,0,76,75,0,79,83,78,81,80,84,0,0,86,0,58,59,50,51,0,55,0,53,52,56,48,57,49,0,42,40,38,36,37,41,39,0,45,47,35,0,0,0,71,64,63,0,68,70,66,67,0,69,65,130,0,135,131,0,0,134,0,137,129,127,0,0
0,114,0,116,117,0,119,120,121,122,123,124,125,169,6,5,1,0,3,2,7,167,0,165,4,168,20,0,11,13,21,18,19,0,9,0,17,15,10,0,27,0,24,33,32,0,26,0,28,34,0,25,0,105,100,0,109,111,106,112,0,110,101,107,104,152,0,154,155,156,157,158,159,160,161,162,163,164,0,36,46,0,43,40,45,41,44,35,38,0,39,126,127,128,129,130,131,132,133,134,0,0,137,138,89,88,0,0,96,0,94,93,0,98,87,99,95,71,72,63,64,0,68,67,66,65,69,61,70,62,56,55,53,51,49,0,54,52,59,58,60,48,57,85,75,84,77,76,74,81,83,0,80,86,0,78,143,149,148,144,0,139,147,146,150,142,140,151,141
0,0,128,129,130,131,132,133,134,135,0,137,138,13,0,0,14,10,16,15,20,11,0,9,17,12,33,25,24,26,34,31,0,27,22,0,30,28,23,43,40,44,0,0,45,36,0,35,0,47,0,38,116,0,113,0,122,124,119,125,115,123,114,120,0,165,166,167,168,169,1,2,3,4,5,6,7,8,50,49,59,0,56,53,58,54,57,0,0,60,52,139,140,141,142,143,144,145,146,147,148,0,150,0,102,101,103,105,0,0,107,106,110,0,0,0,0,84,85,76,77,0,81,0,0,78,82,74,83,75,69,68,0,0,0,63,67,65,72,71,0,0,70,98,0,97,0,89,87,0,0,92,93,0,95,91,156,162,0,157,158,152,160,159,0,155,0,0,154
165,166,0,168,169,0,2,0,4,5,6,0,8,52,58,57,53,0,55,54,59,0,0,48,56,51,72,64,63,65,73,70,71,0,61,68,0,0,62,0,79,83,76,0,84,75,78,74,0,86,81,0,155,0,152,160,161,163,158,164,154,162,153,159,156,35,36,37,0,39,40,41,42,0,0,45,0,47,89,88,98,94,0,92,97,0,96,87,90,99,91,9,10,11,12,13,14,15,16,17,18,19,0,21,141,140,142,144,0,143,146,145,149,150,139,151,0,123,124,115,116,125,0,119,118,117,121,113,122,114,0,107,105,103,101,0,0,104,111,110,112,100,109,0,127,136,129,128,126,0,135,131,132,138,134,130,26,0,31,27,0,22,0,29,33,25,23,34,24
9,10,11,12,13,14,15,0,17,18,19,20,0,65,71,0,66,62,68,67,72,0,0,61,69,0,0,77,76,78,86,83,0,79,74,81,82,0,75,95,0,96,0,98,97,88,91,87,93,99,94,90,168,1,165,4,5,0,2,8,167,6,166,3,169,48,49,50,51,52,53,54,55,56,0,58,59,60,102,101,111,0,0,105,0,106,109,100,103,112,104,22,23,24,0,26,27,28,29,30,31,32,33,0,154,153,155,157,161,156,159,158,162,163,152,164,160,136,137,128,0,0,133,132,0,130,134,0,135,127,121,120,118,116,114,0,119,117,124,0,0,0,122,150,140,149,142,141,139,0,148,0,145,151,147,143,39,45,44,40,41,0,0,42,46,38,36,47,37
0,0,89,90,0,92,93,0,95,0,97,98,99,143,149,148,144,140,146,145,150,0,151,139,0,142,163,155,154,156,164,0,0,0,152,0,160,158,153,4,1,5,167,7,0,166,169,165,2,8,3,168,0,0,74,82,83,85,80,86,76,84,75,81,0,0,127,0,129,130,0,132,133,0,135,136,137,138,0,10,20,16,17,14,19,15,18,9,12,21,13,0,101,0,0,104,105,106,107,108,109,110,0,112,63,62,64,66,70,65,68,67,71,72,0,73,0,45,46,0,38,47,42,0,40,39,43,35,44,0,30,0,27,25,0,24,28,26,33,32,34,22,31,59,49,58,51,0,48,55,57,53,54,60,56,52,117,123,0,118,119,0,121,120,124,116,114,125,115
61,62,0,64,65,0,67,68,0,0,71,72,73,0,123,122,118,0,120,119,0,0,125,113,0,116,137,0,128,130,138,135,136,131,126,133,134,132,127,147,144,0,141,150,149,0,143,139,0,151,146,0,51,0,48,56,57,0,0,60,50,58,49,0,52,100,101,102,103,104,105,106,107,108,109,0,0,112,154,0,163,159,160,0,162,158,161,0,155,164,156,74,75,76,77,78,79,0,81,82,83,84,85,86,37,36,0,40,0,39,42,41,45,46,35,47,43,19,0,11,12,21,0,15,14,13,17,0,18,10,4,3,1,168,166,167,2,0,7,6,0,0,5,33,23,32,25,24,22,29,31,27,28,34,0,26,0,97,96,0,93,87,95,94,0,90,88,99,0
48,0,0,0,52,53,0,0,0,57,58,59,60,104,110,109,0,101,0,106,111,102,112,100,0,103,124,116,115,0,125,122,123,0,0,120,121,0,114,134,0,135,128,137,136,0,130,126,132,0,133,129,38,40,35,43,44,46,41,47,37,45,36,42,39,87,88,89,90,91,92,93,94,0,0,97,98,99,141,140,150,146,0,144,149,145,148,139,142,151,0,61,62,63,64,65,66,67,68,0,70,71,72,73,24,23,25,27,31,26,29,28,32,0,22,34,30,0,7,167,168,8,3,2,1,169,4,165,5,166,0,0,0,0,0,0,158,156,163,0,164,0,0,0,10,19,12,11,9,16,0,14,15,21,17,13,78,84,0,0,80,74,82,0,85,77,75,86,76
22,0,0,25,26,27,28,29,30,31,32,33,34,78,84,0,0,75,0,80,85,76,86,74,0,77,0,0,89,91,99,96,97,92,0,94,95,93,88,108,105,0,102,111,110,101,104,0,0,112,0,103,12,0,9,17,18,0,15,21,0,19,10,16,13,61,62,0,64,65,0,0,68,69,70,71,72,73,115,114,124,120,121,118,123,119,0,0,0,125,117,0,0,37,38,0,40,41,0,43,44,0,46,47,167,166,168,1,5,169,3,2,6,7,165,8,4,149,150,141,142,151,0,145,0,143,0,139,148,140,134,133,0,129,127,128,132,130,0,136,138,126,135,163,153,0,155,154,152,159,161,157,158,0,160,156,52,58,57,0,54,48,56,55,59,51,49,60,50
0,75,76,77,0,79,0,81,82,83,0,85,86,0,136,135,0,127,0,0,137,0,138,126,134,129,150,0,141,143,151,148,0,144,139,146,147,145,140,160,157,161,154,163,162,153,156,152,158,164,159,0,64,0,61,69,0,72,0,73,63,71,0,68,65,113,114,115,116,117,0,119,120,0,122,123,124,125,167,166,7,3,4,1,6,0,5,0,168,8,169,87,0,0,90,91,0,93,94,95,96,97,98,99,50,49,51,53,0,52,0,54,58,59,0,60,0,32,0,24,25,0,29,28,0,26,30,22,0,0,17,16,14,12,10,11,15,13,20,19,21,9,18,46,36,45,38,37,35,42,0,40,0,47,43,0,104,0,0,105,106,100,108,107,0,103,0,112,102
139,140,141,142,143,144,145,146,147,148,0,150,151,26,32,0,27,23,29,28,33,0,34,22,30,25,46,38,37,39,0,44,0,0,35,42,43,41,36,56,0,57,50,59,58,0,52,48,0,60,55,51,0,0,126,0,0,0,0,0,128,136,127,0,0,9,0,0,0,0,14,15,16,17,18,19,20,21,0,62,72,0,69,66,71,67,70,61,64,73,65,0,153,154,0,156,0,0,159,160,0,162,0,164,115,114,116,118,122,117,120,119,0,124,113,125,0,97,98,0,0,99,94,0,92,91,95,0,96,88,82,0,79,77,75,76,80,78,85,84,0,0,83,111,0,110,103,102,100,107,109,105,0,112,108,104,169,6,5,1,2,0,0,3,7,168,166,0,167
0,169,1,2,0,0,5,0,7,8,9,10,0,0,0,60,56,0,0,57,62,53,63,0,59,54,75,67,0,68,76,73,0,69,64,71,72,70,65,85,82,86,79,88,87,78,0,77,83,89,0,80,158,160,155,163,0,166,161,167,157,0,156,162,159,38,39,0,41,42,0,44,0,46,47,0,49,0,92,91,101,0,98,95,0,96,99,90,93,102,94,12,13,14,15,0,0,18,19,20,21,22,23,24,0,143,145,147,151,146,0,148,152,153,142,154,150,126,127,0,0,128,123,122,121,120,124,116,0,117,111,110,0,106,104,105,109,107,114,113,115,103,112,140,130,139,132,131,0,136,138,0,135,141,0,0,29,35,0,30,31,25,33,0,0,28,26,0,27
51,52,53,54,55,0,57,0,0,60,0,62,63,0,113,112,0,0,110,109,0,105,115,103,111,0,127,119,118,120,128,125,126,0,116,123,124,122,0,137,134,138,131,0,139,0,0,129,0,141,136,132,41,43,0,46,47,0,44,50,40,48,39,45,42,90,0,92,93,94,95,96,0,98,0,100,0,102,144,143,153,149,150,147,0,148,151,142,145,0,146,64,65,66,67,68,69,70,71,72,73,74,75,76,0,26,0,0,34,29,32,31,0,36,25,37,33,9,0,1,2,11,6,5,4,3,0,168,0,169,163,162,160,158,156,0,0,0,0,165,167,155,0,23,13,22,15,14,12,19,21,17,0,24,20,16,81,0,86,82,83,77,85,84,88,80,78,89,79
25,26,0,0,0,0,0,0,33,0,35,36,0,81,87,86,0,78,84,83,88,0,89,77,85,80,0,0,0,94,0,0,100,0,0,0,0,96,91,111,108,112,105,114,113,0,0,103,0,115,0,106,15,17,12,20,21,23,18,24,14,22,13,19,16,64,65,66,67,68,69,70,71,72,73,74,75,0,0,117,127,0,0,121,126,0,0,0,119,0,0,38,39,40,41,42,43,44,0,46,47,48,0,50,1,169,0,4,8,3,6,5,9,0,168,11,7,152,153,144,145,154,149,148,147,146,0,142,0,143,137,136,134,132,0,131,135,0,140,139,0,129,138,0,156,165,158,0,0,0,164,160,161,0,163,159,55,61,60,56,0,51,59,0,62,54,52,63,53
90,91,92,93,94,95,96,97,98,0,100,101,102,146,152,0,147,143,149,148,153,144,0,142,0,145,166,158,0,159,0,0,165,0,0,162,163,161,156,7,0,8,1,10,9,169,3,168,5,0,6,2,80,82,77,0,86,88,83,89,79,87,0,84,81,129,130,131,132,0,134,135,136,137,138,0,140,141,14,13,23,0,20,17,22,18,21,0,15,24,16,103,104,105,106,107,0,109,110,111,112,113,0,115,66,65,0,69,0,0,71,0,0,75,64,76,72,48,0,40,41,50,45,44,0,42,46,38,47,39,33,0,0,28,26,0,31,0,36,0,0,25,0,0,52,61,54,53,51,0,0,56,0,63,59,55,120,0,0,0,0,0,124,123,127,119,117,128,0
12,0,14,0,0,0,18,0,20,21,22,23,0,0,0,73,69,65,71,0,75,66,0,64,0,0,88,80,79,0,89,86,87,82,0,84,0,83,78,0,95,99,92,101,100,91,94,90,0,102,97,93,2,0,168,7,8,10,5,11,1,9,169,6,3,51,52,53,0,55,56,0,58,59,60,61,0,63,105,104,114,110,111,0,113,109,112,103,106,115,0,25,26,27,28,29,30,31,32,33,34,35,0,37,157,156,158,160,0,0,162,161,0,166,155,0,163,139,0,131,132,141,0,0,134,133,137,0,0,0,124,123,121,119,0,118,122,0,0,126,0,0,125,0,0,0,0,144,142,0,151,147,148,154,150,146,42,48,47,43,44,38,46,0,49,0,0,50,40
129,130,131,132,133,134,135,0,137,138,139,140,141,16,22,0,0,13,19,18,23,14,0,0,20,15,36,28,27,0,0,0,0,30,25,32,33,31,26,46,0,0,40,0,48,39,0,38,44,50,45,41,0,0,116,0,125,127,0,128,0,0,0,123,0,0,169,1,2,3,4,5,0,7,0,9,0,0,53,0,62,58,59,56,61,57,0,51,0,0,55,0,143,0,145,146,147,148,149,150,0,152,153,0,0,104,106,108,0,107,0,109,113,0,103,115,111,87,88,0,80,89,84,83,82,81,0,77,86,78,0,71,0,67,65,66,70,68,75,74,0,64,73,101,91,100,93,92,90,97,0,95,96,102,98,94,159,165,164,160,0,0,163,162,0,158,156,167,157
77,0,79,0,0,82,83,84,85,86,87,88,89,133,139,138,134,0,0,135,140,131,141,0,137,0,153,145,0,146,0,0,152,147,142,149,0,148,143,163,160,0,157,166,165,156,159,155,161,0,0,0,67,69,64,72,73,75,70,76,66,0,65,71,68,116,117,118,0,120,121,0,0,0,0,126,0,128,1,169,0,6,7,4,9,5,0,168,2,11,3,90,91,0,93,94,95,96,0,98,99,100,101,102,53,52,54,56,60,0,58,57,61,62,0,63,59,35,36,27,28,37,0,0,30,29,33,25,0,26,20,0,0,15,13,14,18,16,23,0,24,12,21,0,39,48,41,40,38,45,47,43,44,0,46,42,107,113,112,0,0,103,111,110,0,106,0,115,0
38,39,0,41,42,43,44,45,46,47,48,49,50,94,100,99,0,91,97,96,0,92,0,0,98,0,114,106,105,107,0,112,113,108,103,110,111,109,104,124,0,125,118,127,126,117,120,0,122,128,0,119,28,30,0,33,34,0,31,37,27,0,26,0,0,77,78,79,80,81,82,83,84,85,0,87,88,89,131,130,140,136,137,134,139,135,138,0,132,141,133,0,0,0,54,55,56,57,0,59,60,0,0,63,14,0,15,0,21,16,19,0,22,0,12,24,20,165,166,157,158,0,162,161,160,0,163,155,164,156,150,149,147,145,143,144,148,146,153,152,154,142,151,0,169,9,2,1,168,6,8,4,5,0,7,0,68,74,0,69,70,64,72,71,0,67,65,0,66
142,143,144,145,0,147,148,0,0,0,152,153,0,0,35,34,30,26,0,31,36,27,37,25,33,0,49,41,40,42,0,47,48,43,0,0,46,44,39,59,56,60,53,62,61,52,55,51,57,63,0,0,132,134,129,137,138,140,0,141,131,139,130,0,133,12,13,14,15,0,17,18,19,20,21,22,23,24,66,0,75,71,72,69,74,0,73,64,67,76,68,155,156,157,158,159,160,161,162,163,164,165,166,167,118,117,119,0,125,120,123,122,126,127,116,128,124,100,101,92,93,0,0,96,95,94,98,90,99,91,85,84,82,80,78,79,83,0,88,0,89,77,0,0,0,0,0,0,103,110,112,0,0,115,0,107,3,9,0,0,5,168,7,0,0,2,169,11,1
103,104,105,106,107,108,109,110,111,112,0,114,0,159,0,164,160,156,162,161,166,157,167,155,163,158,0,0,0,0,11,8,9,4,168,6,7,5,169,20,17,21,14,0,22,13,16,12,18,0,19,0,93,0,90,98,99,101,96,102,92,100,91,97,94,142,143,0,0,0,0,148,0,150,0,0,153,154,27,26,36,32,33,30,35,31,34,0,28,37,29,116,117,0,0,0,121,122,0,124,0,126,0,128,0,0,80,0,86,81,84,0,87,88,77,89,85,61,62,53,54,63,58,57,56,55,59,0,60,0,46,45,43,41,39,40,44,42,49,0,50,38,47,0,0,74,67,0,64,71,73,0,0,0,72,68,0,0,138,134,0,0,137,136,0,0,0,141,131
64,65,0,67,68,69,0,71,72,73,0,75,0,120,126,125,0,0,123,0,127,118,128,116,0,119,140,132,0,133,141,0,0,134,129,136,137,135,0,150,147,0,144,153,152,143,146,142,148,154,149,0,54,0,51,0,60,62,57,63,0,61,52,58,55,103,0,105,106,107,108,0,110,111,112,113,0,115,157,0,0,162,163,0,0,161,164,0,158,0,159,77,0,79,80,81,82,83,84,0,86,87,88,89,40,39,41,43,47,42,45,44,48,49,38,50,46,0,0,14,0,24,19,18,17,0,20,12,0,13,7,6,4,2,169,1,5,3,10,9,11,168,8,36,26,35,0,27,25,32,34,0,31,37,33,29,94,100,99,95,96,90,0,97,101,0,0,102,92
0,117,118,119,120,121,122,123,124,125,0,127,128,3,9,8,0,169,6,5,10,0,11,0,7,2,23,15,14,16,24,21,22,17,12,0,20,18,13,33,30,34,0,0,35,26,29,25,31,37,32,28,106,108,103,111,0,114,109,115,0,113,104,0,107,155,156,157,0,159,160,161,162,163,164,165,166,0,40,39,49,45,46,43,48,44,0,38,0,50,42,129,130,131,132,0,0,135,136,137,138,139,140,141,92,91,93,95,99,94,97,96,0,101,0,102,98,74,75,66,0,76,71,70,0,68,72,64,0,65,59,58,56,54,52,53,57,55,62,61,63,0,60,88,0,0,80,79,77,84,86,82,83,0,0,81,0,152,151,0,148,0,0,0,153,0,143,154,144
155,156,0,158,159,160,161,0,163,0,165,166,0,0,48,47,0,39,45,44,49,40,0,0,0,41,62,0,53,55,63,60,0,56,51,0,59,57,52,72,69,73,66,75,74,65,68,64,70,76,71,0,145,147,142,150,151,0,0,0,144,152,143,149,146,0,26,27,28,0,30,31,32,33,34,35,36,37,79,78,88,84,0,82,0,83,86,77,80,89,81,168,169,1,2,3,4,5,6,7,8,9,10,0,131,130,132,134,0,133,0,135,139,140,129,0,137,113,114,105,0,115,110,109,108,107,0,103,112,104,0,97,95,93,0,92,96,0,101,0,102,90,0,127,117,126,119,118,0,123,125,0,122,128,124,120,16,22,21,17,0,12,20,0,23,15,13,24,0
