8,167,9,1,4,0,0,0,5,7,0,3,6,36,42,39,0,44,46,0,0,0,45,48,43,40,92,0,96,0,0,91,95,90,97,98,100,93,99,17,0,16,11,0,0,12,0,14,15,18,10,22,0,61,0,52,49,54,0,57,59,50,51,60,53,107,102,111,110,113,0,103,108,109,112,101,105,104,127,128,129,130,131,132,133,134,135,136,137,138,139,0,29,0,31,28,25,33,35,34,0,24,26,30,114,115,0,0,118,119,120,121,0,0,124,125,0,64,65,71,73,67,0,0,0,63,70,68,72,0,0,78,77,82,83,79,76,0,0,87,0,86,85,150,0,142,0,144,0,143,152,0,0,151,148,147,162,0,0,153,159,154,157,0,155,0,165,161,158
60,50,61,0,56,54,49,52,57,59,51,55,0,88,0,0,90,96,98,93,99,89,0,100,95,92,144,141,0,0,0,143,0,142,0,150,152,145,151,69,72,68,63,0,73,64,71,0,0,70,0,74,107,113,108,104,101,106,110,109,111,102,103,112,0,0,154,163,162,165,158,0,160,161,164,153,157,156,10,11,12,13,14,15,16,0,18,19,20,21,0,84,0,79,83,80,0,85,0,0,0,76,0,82,166,167,0,169,1,2,0,4,5,6,7,8,9,0,117,123,125,119,114,0,121,0,122,120,0,118,136,130,0,0,135,131,128,0,127,139,0,138,0,33,28,0,29,27,24,26,35,0,0,34,0,30,0,0,43,36,42,37,40,39,38,46,48,0,41
112,102,0,105,108,106,101,104,109,0,103,107,110,140,0,143,142,148,0,145,0,0,149,152,147,0,27,0,31,0,29,0,30,25,32,33,35,28,34,0,124,120,115,117,0,0,123,0,119,122,114,126,159,0,0,156,153,158,162,161,163,154,0,164,157,42,37,0,0,48,41,0,43,44,47,36,40,39,62,63,64,65,0,67,68,69,70,71,72,73,74,0,0,131,0,132,129,137,139,138,127,128,130,134,49,50,51,52,0,54,55,56,57,58,59,60,61,0,169,6,8,2,0,9,4,167,5,3,0,0,0,13,12,17,18,14,11,15,10,22,16,21,20,85,80,77,81,79,76,78,87,84,0,86,83,82,97,0,0,88,94,89,92,91,90,98,100,0,0
164,154,165,157,160,158,153,156,161,163,155,159,0,23,29,26,25,31,0,0,0,24,32,35,0,27,0,0,83,0,81,0,82,77,84,85,87,80,86,4,7,3,167,169,0,0,6,1,2,0,166,0,42,0,43,39,36,41,0,44,46,37,38,47,0,94,89,98,97,100,93,90,95,0,99,88,92,91,114,115,116,117,0,0,0,121,122,0,124,125,126,19,16,14,18,15,0,20,22,0,10,0,0,17,0,0,0,104,105,106,0,108,109,110,111,112,113,51,52,58,60,54,49,61,56,50,57,55,59,53,71,0,64,69,0,66,63,0,62,74,68,73,72,0,132,0,133,0,128,130,139,136,127,138,0,134,149,151,147,140,0,141,0,143,142,150,152,148,0
73,63,74,66,69,67,62,65,70,72,0,0,71,101,107,104,103,109,0,106,112,102,0,113,108,105,157,0,0,0,0,156,160,155,0,163,165,158,164,82,85,81,76,78,86,77,84,79,80,83,75,87,0,126,121,117,114,119,0,122,124,0,116,0,118,3,0,7,6,0,2,168,4,5,8,166,1,169,23,24,25,0,27,28,29,30,31,32,33,34,35,97,94,92,96,93,90,98,0,99,88,89,91,0,10,11,12,13,14,0,16,17,18,19,20,0,22,129,130,136,138,0,127,0,134,128,135,133,137,131,149,0,142,0,148,144,141,145,140,0,146,151,0,46,41,38,42,40,37,39,0,45,36,47,44,43,58,60,0,0,55,0,53,52,0,59,0,57,0
0,24,35,27,30,0,23,26,31,33,25,0,32,62,0,65,64,70,72,67,73,63,71,74,69,66,118,0,0,114,120,117,121,116,0,124,126,119,125,0,46,42,37,39,47,38,0,40,41,44,36,48,81,87,0,0,75,80,84,83,0,76,0,86,79,133,0,137,136,0,0,129,134,135,138,0,131,0,153,154,155,156,157,158,159,160,161,162,163,0,165,58,55,0,57,54,51,59,61,60,49,50,52,56,140,141,0,143,144,145,0,147,148,0,150,151,0,90,91,97,99,93,88,100,95,89,96,0,0,92,110,104,103,108,109,105,0,106,101,113,0,112,111,7,2,0,3,0,167,169,9,0,166,8,5,4,0,21,17,10,16,11,0,13,12,20,22,18,15
0,141,152,0,0,145,140,143,148,150,142,146,149,10,16,13,0,18,20,0,21,11,19,22,0,14,66,63,70,62,68,65,0,0,0,0,74,67,73,160,0,0,154,0,164,155,162,157,158,161,153,165,0,35,30,26,23,28,0,0,0,24,25,34,0,0,76,0,84,0,0,77,82,0,86,75,79,78,101,102,103,0,105,0,107,108,109,110,111,112,113,6,3,1,0,2,168,7,9,8,166,167,169,4,88,0,0,0,92,93,94,95,96,97,98,0,0,38,0,45,47,41,36,48,43,37,0,42,46,40,58,52,51,56,0,53,0,54,49,61,55,60,59,124,119,116,120,118,115,117,126,123,114,125,122,121,0,138,134,127,133,0,131,0,129,137,139,135,0
138,128,139,131,134,132,127,0,135,137,129,133,136,166,3,169,0,5,7,0,0,167,6,9,0,1,53,0,0,0,0,0,56,51,58,0,61,0,60,0,0,146,141,143,151,0,149,144,0,148,140,152,16,0,17,13,10,15,19,18,20,0,0,21,0,68,63,72,71,74,67,64,0,70,73,62,66,65,88,89,90,91,0,93,0,95,96,97,98,99,100,0,159,157,161,158,155,163,165,164,153,154,156,160,75,76,77,78,79,0,0,82,0,84,85,86,0,0,0,32,34,28,0,0,30,24,31,0,33,27,0,39,38,43,0,40,37,41,36,48,42,47,46,111,106,0,0,105,0,104,0,110,101,112,109,108,123,125,121,114,120,115,0,117,116,124,126,122,119
125,0,126,118,121,119,114,117,122,124,116,120,123,153,0,156,155,161,163,158,0,0,162,165,0,157,40,37,44,0,42,39,43,38,45,46,48,41,47,134,137,133,128,130,138,129,136,131,0,135,127,0,3,9,4,0,166,2,6,5,7,167,0,8,0,55,50,59,58,61,54,0,56,57,0,49,53,52,75,76,77,0,79,80,0,82,83,84,85,86,87,149,146,144,148,145,142,150,152,151,140,141,143,147,62,63,64,0,66,0,0,69,70,71,72,73,0,12,13,19,21,15,0,22,17,11,0,16,20,14,32,26,25,30,31,27,0,28,23,0,29,34,0,98,0,90,94,92,0,91,0,0,88,99,96,95,110,0,108,101,0,0,105,104,103,111,0,109,0
99,89,0,92,95,0,88,91,0,0,90,94,0,127,133,0,129,135,137,0,138,0,136,139,134,0,14,11,18,10,16,13,17,12,19,20,22,15,21,108,111,107,102,104,112,103,110,105,106,109,101,113,146,152,147,143,140,145,149,148,150,141,142,151,144,29,24,33,32,35,28,25,30,31,34,0,27,26,49,50,51,52,53,54,0,56,57,0,59,60,61,0,120,118,122,119,116,0,126,125,0,0,117,121,36,37,38,0,40,41,0,43,44,0,46,47,48,155,156,162,0,158,153,165,160,0,161,0,163,157,6,0,0,4,5,1,167,2,0,9,0,8,7,0,0,64,68,66,0,0,74,71,62,73,70,69,0,0,0,75,81,76,79,0,77,85,87,83,0
47,37,0,40,43,41,36,0,44,46,0,42,45,75,0,78,77,0,85,80,86,76,84,87,82,79,131,128,0,0,133,130,134,0,0,137,139,132,138,56,59,55,50,52,60,51,0,53,0,57,49,61,0,0,95,91,88,93,97,96,0,89,90,99,92,146,141,150,149,152,145,142,147,148,151,140,144,143,166,0,168,169,1,0,3,4,5,6,7,8,9,71,68,66,70,67,0,72,0,73,62,63,65,69,0,154,155,0,157,158,159,160,161,162,163,164,165,103,104,110,112,0,101,113,108,102,109,0,111,105,123,117,0,121,122,118,0,0,114,0,120,125,124,20,0,12,16,14,0,13,22,19,10,21,18,0,32,0,0,23,0,0,27,0,25,33,0,31,0
0,76,87,79,82,80,75,78,83,0,77,0,84,114,0,117,116,122,124,119,125,115,123,126,121,118,1,0,0,0,3,169,4,0,0,0,0,2,8,95,98,94,89,0,99,90,97,92,93,96,88,100,133,139,0,130,0,132,136,135,137,128,129,0,131,16,11,20,19,22,15,12,17,18,0,10,0,13,36,37,38,39,40,0,42,43,44,0,46,47,0,0,107,105,0,106,103,111,113,112,101,102,104,108,23,24,25,26,27,0,29,30,31,32,33,34,35,142,143,149,151,145,140,152,147,141,148,146,150,144,0,156,155,160,161,157,154,158,0,165,159,164,0,59,54,0,55,53,50,52,61,58,49,60,57,0,71,73,0,62,68,0,66,65,64,0,74,70,0
21,0,0,14,17,15,10,13,18,20,12,0,19,49,0,52,0,57,59,54,60,50,58,61,0,0,105,102,0,101,107,104,0,103,110,111,0,106,112,30,0,29,24,26,34,0,0,0,28,31,23,0,68,74,69,0,62,67,71,70,72,63,64,73,66,120,115,124,123,126,119,116,121,122,125,114,0,117,140,141,0,0,144,145,146,147,148,149,150,151,152,45,42,40,44,41,38,46,48,0,36,0,39,43,127,128,0,0,131,132,133,134,0,136,137,138,139,77,78,84,86,80,75,87,82,76,83,81,85,0,0,91,90,95,96,92,89,93,0,100,0,99,98,163,158,155,159,157,154,156,165,162,0,164,161,160,6,8,4,166,3,167,0,169,168,7,9,5,0
50,40,51,43,46,44,0,42,47,49,0,0,48,78,84,0,80,0,88,83,89,0,0,90,85,82,134,131,138,130,136,133,137,132,139,140,142,135,0,0,62,58,0,55,0,54,61,56,0,60,0,64,97,0,98,94,0,96,100,99,101,0,93,102,95,149,0,153,152,155,0,145,0,151,154,143,147,146,169,0,2,3,0,5,6,7,8,0,10,11,0,74,0,69,0,70,67,75,77,76,65,66,0,72,156,0,158,159,160,161,162,163,0,165,0,167,168,106,107,0,115,0,104,116,111,105,112,0,114,0,126,0,119,124,125,121,118,122,117,129,123,128,127,23,18,0,19,17,14,0,0,22,0,0,21,20,35,37,0,26,32,27,30,29,28,36,38,34,31
154,0,155,147,0,148,143,146,151,153,0,149,152,13,19,16,15,21,23,18,24,14,0,25,20,0,69,0,73,65,71,0,72,67,74,75,77,70,76,0,166,0,0,159,167,158,165,160,161,0,156,168,32,0,33,29,26,31,35,34,36,0,28,37,30,84,79,88,87,90,0,80,85,86,89,0,82,81,0,105,106,107,108,109,110,111,112,113,114,115,116,9,0,4,8,5,2,10,12,11,169,1,0,7,91,92,0,94,95,96,97,98,99,100,101,102,103,41,42,0,50,44,39,0,46,40,0,45,0,43,61,55,54,59,60,0,53,57,52,0,58,63,62,127,122,119,123,121,118,0,129,0,0,128,125,124,0,141,137,130,136,131,134,133,0,140,142,0,135
115,105,116,108,111,109,104,107,112,0,0,110,113,0,0,0,145,0,0,148,154,144,152,155,0,147,30,27,34,26,32,29,33,28,35,36,0,31,37,124,127,123,118,0,128,119,0,0,0,125,117,129,0,168,163,159,0,161,165,0,166,157,0,167,160,45,40,49,0,51,44,41,46,47,0,0,43,42,65,66,67,68,69,70,71,72,73,0,75,76,0,139,136,134,138,135,132,140,142,141,130,131,133,137,0,53,54,55,56,57,58,59,60,61,0,63,64,0,3,0,11,0,0,12,7,1,8,6,10,0,0,16,0,20,0,17,14,18,13,25,19,24,23,88,83,80,0,82,79,81,0,87,78,89,86,0,100,102,98,91,97,0,95,0,93,101,103,0,96
141,0,142,134,137,135,130,133,138,140,0,136,0,169,6,3,2,8,10,0,11,1,0,12,7,0,0,53,60,0,58,55,59,54,0,0,64,57,0,150,0,149,144,0,154,145,0,147,0,151,143,155,19,25,20,0,13,18,22,21,23,0,15,24,0,71,0,75,74,77,0,67,72,0,76,0,69,68,0,92,93,94,95,96,97,98,99,100,101,102,103,165,162,160,164,161,158,166,168,167,156,157,159,163,78,79,80,81,0,83,84,85,0,87,88,89,90,28,0,35,37,31,26,38,33,27,0,32,36,30,48,42,41,46,0,43,40,44,0,51,45,50,49,0,109,106,110,108,105,0,0,0,104,115,112,111,126,128,0,117,123,118,121,120,119,127,129,125,122
0,0,0,56,59,57,52,0,60,0,0,58,61,91,97,94,0,99,101,96,102,0,100,0,98,95,0,144,151,0,149,0,150,145,152,153,155,148,0,72,0,71,0,68,76,67,74,0,70,73,0,77,110,0,111,107,104,109,0,112,114,105,106,115,108,162,157,166,165,168,161,158,163,164,167,156,160,159,13,14,0,16,17,18,19,20,21,0,23,24,25,87,84,82,86,83,80,88,90,89,78,79,0,85,169,1,2,3,4,5,6,0,8,0,10,11,0,119,120,126,128,122,117,129,124,0,125,123,127,121,139,133,132,137,138,0,131,135,130,142,136,141,140,36,31,28,32,30,27,29,0,0,26,37,34,33,48,50,46,39,45,40,0,42,41,49,51,47,44
167,157,168,160,163,0,156,0,164,166,158,162,165,26,32,0,28,0,36,31,37,0,35,38,0,0,82,79,86,78,84,0,85,80,87,88,90,83,0,0,10,6,0,3,11,2,0,4,5,0,169,12,45,51,46,42,39,44,0,47,49,40,41,50,43,97,92,101,100,103,0,93,0,99,102,91,95,94,117,0,119,120,121,122,123,124,125,126,127,128,129,22,19,0,21,18,15,23,25,24,13,14,16,20,104,105,0,0,0,109,110,111,112,113,114,115,116,54,0,61,63,57,52,64,59,0,60,58,62,56,74,68,0,72,73,69,0,70,65,77,71,76,75,140,135,132,136,134,0,0,0,139,0,0,138,137,152,154,150,0,149,144,147,146,145,0,155,151,0
0,92,103,0,98,0,91,94,99,0,93,97,0,0,0,133,132,138,140,0,141,0,0,142,0,134,17,14,21,13,19,16,0,15,22,23,25,18,24,111,0,0,105,107,115,0,113,108,109,112,104,116,149,0,150,0,143,148,152,151,0,144,0,154,147,0,0,36,35,0,31,28,33,34,0,26,30,29,52,53,54,55,0,57,58,59,60,61,62,63,64,126,123,121,125,0,119,127,129,128,117,118,120,124,39,40,41,42,0,44,45,46,47,48,49,50,51,158,159,165,167,161,0,168,163,0,164,162,166,160,9,3,2,7,8,4,1,5,0,12,6,11,10,75,0,67,71,69,0,68,77,74,65,76,73,72,87,0,85,78,84,0,82,0,80,88,90,86,83
76,66,77,0,72,70,65,68,73,75,67,71,0,104,110,0,106,112,114,0,115,105,113,116,0,108,160,157,164,156,162,0,163,158,0,166,168,161,167,85,88,84,79,0,89,80,87,82,83,86,0,90,123,129,124,120,117,122,0,0,127,118,119,0,121,0,1,0,9,12,5,2,7,8,0,169,4,0,26,0,28,29,30,31,32,33,34,35,36,37,0,0,97,95,99,96,93,101,103,102,91,92,0,98,13,14,0,16,17,18,19,20,21,22,23,24,25,132,133,139,141,135,130,142,137,131,138,0,0,0,152,146,145,150,151,0,0,148,143,155,0,154,153,49,44,0,45,43,40,42,51,48,39,50,47,46,0,63,59,52,58,0,56,55,54,62,0,60,57
89,79,90,82,85,83,0,81,0,88,80,84,87,117,123,120,119,125,127,122,128,118,126,129,0,121,4,1,8,169,6,3,7,2,9,10,12,5,11,0,101,97,92,0,0,93,100,95,96,99,91,0,136,0,0,0,130,135,139,138,140,131,132,0,134,19,14,23,22,25,18,0,20,21,24,13,0,16,39,0,41,42,43,44,45,46,47,48,49,50,51,0,110,108,0,109,106,114,116,115,0,105,107,111,26,0,0,0,0,31,32,33,34,35,36,37,38,145,0,152,154,148,143,0,0,144,151,149,153,0,165,159,0,163,164,160,0,161,156,0,162,167,166,0,57,54,58,56,53,55,0,61,0,63,0,59,74,0,72,65,71,0,69,0,67,75,77,0,70
24,14,25,17,20,18,13,16,21,23,0,0,0,0,58,55,54,60,62,0,63,0,61,0,59,0,108,105,0,104,0,107,0,106,113,114,116,109,0,33,36,32,27,29,37,28,0,30,0,34,0,38,71,0,72,68,65,0,74,73,75,66,67,76,69,123,0,127,0,129,122,119,0,125,128,117,121,120,143,144,145,146,0,148,149,150,151,152,0,154,155,48,0,43,0,44,41,49,51,0,39,40,42,46,130,0,132,133,134,135,136,137,138,0,140,141,142,80,81,0,89,83,78,90,85,79,86,84,0,82,100,94,93,98,99,95,92,96,91,103,97,102,101,166,161,158,162,160,157,159,0,165,0,0,0,163,9,0,7,169,0,0,4,3,2,0,12,8,5
0,0,38,30,33,31,26,29,34,36,28,0,0,65,71,68,67,73,75,70,76,0,74,77,72,69,0,118,125,117,0,120,124,119,126,127,129,122,128,46,49,45,40,42,50,41,48,43,44,47,39,51,84,0,0,81,78,83,87,86,88,79,80,89,82,136,131,140,139,142,135,132,137,138,141,130,0,133,0,157,158,0,160,161,162,163,164,165,166,167,0,0,58,56,60,0,54,62,0,63,52,53,55,59,143,0,145,146,147,0,149,150,151,152,0,154,0,93,94,100,102,96,91,103,98,92,99,97,101,95,113,0,106,0,0,108,105,109,104,116,110,115,114,10,5,0,6,0,0,3,12,9,169,11,8,7,0,24,20,13,19,14,17,16,15,0,0,21,18
0,1,12,0,7,5,169,3,8,10,2,0,9,39,0,42,41,47,49,44,50,40,48,51,46,43,95,92,99,91,97,0,0,93,100,101,0,96,102,20,23,19,14,16,24,15,22,17,18,21,13,25,58,64,59,55,52,57,61,60,62,53,54,63,56,110,105,114,113,116,109,0,111,112,115,104,108,107,0,131,132,0,134,135,0,137,0,139,140,141,142,35,32,30,34,31,28,36,38,37,26,27,29,0,0,118,119,120,121,122,123,124,0,126,0,128,129,0,0,74,0,0,0,0,0,0,0,71,0,69,87,81,80,85,0,82,79,83,78,0,0,0,0,153,148,0,149,0,144,0,155,152,143,0,151,150,0,0,163,156,162,157,160,159,158,166,0,164,161
128,118,129,121,0,0,117,120,0,127,119,123,126,156,162,159,158,164,166,161,167,0,0,168,163,160,0,40,0,39,45,42,0,41,48,49,51,44,0,0,140,136,131,0,141,132,139,134,135,138,0,142,0,12,0,3,169,5,9,8,10,1,2,0,4,58,53,62,61,64,57,54,0,60,63,52,56,55,78,79,80,81,0,83,84,0,0,87,88,89,90,152,149,147,151,148,145,153,155,154,143,144,146,150,65,66,67,68,69,70,71,72,73,74,75,76,0,15,0,22,0,18,13,25,20,14,21,0,23,0,35,29,28,33,34,0,27,0,26,38,0,0,36,101,96,93,97,0,92,94,0,0,91,0,0,98,0,0,111,104,110,105,108,107,106,0,0,112,109
0,33,0,0,39,37,32,35,40,42,34,0,41,71,77,0,73,0,81,76,82,72,80,0,78,75,127,124,0,123,129,0,0,125,132,0,135,0,134,52,55,51,46,48,0,47,54,49,50,53,0,57,90,96,0,87,84,89,93,92,94,85,86,95,88,142,0,146,145,148,0,138,143,144,147,136,140,0,162,0,164,165,166,167,168,169,0,2,3,4,0,67,64,0,66,0,60,68,70,69,58,59,0,65,149,150,151,152,153,154,155,156,0,0,159,160,161,99,100,0,108,102,97,109,0,98,105,103,107,101,119,113,112,117,118,114,111,115,110,122,116,121,120,16,0,8,12,10,7,9,18,15,6,0,14,0,28,30,26,19,25,20,23,22,21,29,31,27,24
56,46,57,49,52,50,45,48,53,55,47,51,0,0,0,87,0,92,94,0,95,85,93,96,0,0,140,137,0,0,0,139,143,138,145,0,0,141,147,65,68,64,0,61,69,60,67,0,63,0,58,70,0,109,104,100,97,102,106,105,107,98,99,108,0,0,150,159,158,161,154,0,156,157,160,149,153,152,6,7,8,9,10,0,0,13,14,0,16,17,18,80,77,75,0,76,73,81,83,82,71,72,74,78,162,0,164,165,166,0,0,0,1,2,3,4,5,112,113,119,0,115,110,122,0,111,118,116,0,0,0,0,125,130,131,127,0,128,123,135,129,134,133,29,24,21,25,0,20,22,31,28,0,30,27,26,41,43,39,32,38,33,36,35,0,42,44,40,37
0,59,70,0,0,63,0,0,66,68,60,64,67,97,0,0,99,0,107,102,0,0,106,109,104,101,153,150,0,149,155,152,156,151,158,159,161,0,0,78,81,0,72,74,82,73,80,75,76,79,71,0,116,122,0,113,110,115,119,0,120,0,0,0,114,168,163,3,2,5,167,164,169,1,4,162,166,0,19,0,21,22,23,24,25,26,27,0,29,0,31,93,90,88,0,89,86,94,96,95,0,85,87,91,6,7,8,9,0,11,12,13,0,15,16,17,18,125,126,132,134,128,123,135,130,124,131,129,133,0,145,139,138,143,144,140,137,141,136,148,0,147,146,42,37,34,0,0,0,35,44,41,32,43,40,39,54,0,52,45,0,46,49,48,47,55,57,53,50
0,0,161,0,156,154,149,152,0,159,151,0,158,19,25,22,21,27,29,24,30,20,0,31,26,0,75,0,0,71,0,0,78,73,0,81,83,76,82,169,3,0,163,165,4,164,2,166,167,1,0,5,38,44,0,0,32,0,0,40,42,33,34,43,36,90,85,94,93,96,89,86,91,0,95,84,0,87,110,0,112,0,114,115,116,117,118,119,120,121,122,15,12,10,14,0,8,0,18,17,6,7,9,13,97,98,99,100,0,102,0,104,105,106,107,108,109,0,48,54,56,50,45,57,52,0,53,51,55,49,67,61,60,65,66,62,59,63,58,70,64,69,68,133,128,125,129,127,124,126,135,132,123,0,131,0,145,147,143,0,0,137,0,139,0,146,148,144,0
30,20,0,23,26,24,19,0,27,29,0,25,0,58,64,61,60,66,68,63,69,0,67,70,65,62,0,0,0,110,116,113,117,112,119,0,122,115,121,39,42,38,33,35,43,34,41,36,37,40,32,44,77,0,78,74,71,76,80,0,81,72,73,82,75,0,124,0,132,0,128,125,130,131,134,123,127,0,149,150,151,152,153,154,155,156,157,158,159,160,161,0,51,49,53,0,47,55,57,56,45,46,48,52,0,137,0,139,0,0,142,0,0,145,146,147,148,86,87,0,0,89,0,96,91,85,92,0,94,88,0,100,99,104,0,101,98,102,97,109,103,108,107,3,167,164,0,166,163,0,0,2,162,0,0,169,15,17,13,6,12,0,10,9,8,16,18,14,11
108,98,109,101,104,102,0,100,105,107,99,103,106,136,0,139,138,0,146,0,0,0,145,148,143,140,23,20,0,19,0,22,26,21,28,29,31,0,30,117,120,116,0,113,121,112,119,0,115,118,110,122,155,0,156,152,149,154,0,0,159,150,151,0,0,38,33,42,41,44,37,34,39,40,43,32,36,35,58,59,60,61,0,63,64,65,66,0,68,0,70,0,129,127,0,0,125,133,135,134,0,124,126,0,45,46,47,48,49,50,51,52,53,0,55,56,0,164,165,0,4,167,162,5,169,163,1,168,0,166,15,9,8,13,14,10,7,11,6,18,12,17,0,81,76,73,0,75,72,0,0,0,71,82,79,78,93,95,91,84,90,85,88,87,86,94,0,92,89
4,0,5,0,169,0,162,165,1,3,0,0,2,32,0,35,34,40,42,37,43,0,41,44,39,0,0,85,92,0,90,87,0,0,0,0,96,0,95,0,16,12,7,9,17,0,0,10,11,0,6,18,51,57,52,48,45,50,54,53,55,46,0,0,49,103,98,0,106,109,102,0,0,105,108,97,101,100,123,124,125,126,127,128,129,0,0,132,133,0,135,28,25,23,27,24,21,29,31,30,19,20,22,26,110,111,0,113,0,115,116,117,118,119,120,121,122,60,61,67,69,63,58,70,65,59,66,64,68,62,80,74,73,78,79,75,72,76,71,83,0,0,81,146,141,138,142,140,137,139,148,145,136,147,144,143,158,160,156,149,155,150,153,152,151,159,161,157,154
121,0,122,0,117,115,110,113,118,120,0,0,119,0,0,152,151,157,159,154,0,0,0,0,156,153,0,33,0,0,0,35,39,34,41,0,44,37,43,130,133,129,124,126,0,125,132,127,0,0,123,135,168,5,169,165,162,167,2,1,3,163,164,4,166,51,46,55,54,57,50,47,52,53,56,45,0,48,71,72,73,0,75,76,77,78,79,80,81,82,83,145,142,140,144,141,138,0,148,147,0,137,139,143,58,59,0,0,62,63,64,65,0,67,68,69,70,8,9,15,0,11,6,18,0,7,14,12,16,10,28,22,21,26,0,23,0,24,19,31,25,30,29,94,89,0,90,0,85,87,96,0,0,95,0,91,106,0,0,97,0,98,101,0,99,0,109,105,102
95,0,96,88,0,0,84,87,0,0,86,0,93,123,0,126,125,0,0,128,134,0,132,0,130,127,10,7,14,0,12,9,13,0,15,0,18,11,17,104,0,103,0,100,108,99,0,101,102,105,0,109,142,148,143,139,136,141,0,144,146,137,0,147,140,25,20,29,28,31,24,0,26,27,0,19,0,22,45,46,47,48,49,50,0,52,53,54,55,56,57,119,116,114,118,115,112,120,122,121,110,111,113,117,0,33,34,35,36,37,38,0,40,0,42,0,0,151,152,0,160,154,0,161,156,0,157,155,159,0,2,165,164,169,1,0,0,0,162,5,168,4,3,68,0,60,64,62,59,61,0,67,58,69,66,65,80,0,78,0,77,72,75,74,73,81,83,79,76
17,0,18,10,0,11,6,9,0,0,0,12,15,45,51,48,47,53,0,50,56,0,54,0,52,49,101,98,105,97,103,0,104,99,106,107,0,102,108,26,0,25,20,22,30,0,28,0,24,27,0,31,0,70,65,61,0,63,67,0,68,59,60,69,62,0,111,120,119,122,115,112,117,118,121,110,114,113,0,137,138,139,0,141,142,143,144,145,146,0,0,41,38,0,0,37,34,42,44,0,0,33,0,39,123,124,125,126,127,128,129,130,131,132,133,134,135,73,74,80,82,76,0,83,78,0,79,77,81,75,93,87,0,91,92,88,0,0,0,96,90,95,94,159,154,0,155,153,150,152,161,158,149,160,157,0,0,4,169,162,168,163,166,165,164,3,5,1,0
147,137,0,140,143,141,136,139,0,146,138,142,0,6,12,9,8,14,16,11,17,7,15,18,0,10,62,59,66,0,64,61,0,60,67,68,70,63,69,156,159,155,150,152,0,151,158,153,154,157,149,161,25,0,26,0,19,24,28,27,0,20,21,0,23,0,72,81,80,0,76,73,78,0,0,71,75,0,97,98,99,100,101,102,103,104,105,106,107,108,109,2,0,0,1,167,0,0,5,4,0,163,165,169,84,0,86,87,88,89,90,91,92,93,0,95,96,0,35,41,43,0,32,44,39,33,40,38,42,36,54,48,47,0,0,49,0,50,0,57,51,56,55,120,115,112,116,0,111,113,122,0,110,0,118,117,132,134,130,123,129,124,127,126,125,133,0,131,128
0,72,83,75,78,76,71,74,79,81,73,77,80,110,0,113,112,118,0,0,121,111,119,122,117,114,166,163,1,162,168,165,0,164,2,3,0,167,4,91,94,90,85,87,95,86,0,0,89,92,84,96,129,135,130,126,123,128,132,131,133,124,125,134,127,0,7,0,15,18,0,0,13,0,17,6,10,9,32,0,0,35,36,37,0,39,40,41,42,43,44,106,103,101,105,102,0,0,0,108,0,98,100,0,0,20,0,22,23,24,25,26,27,0,29,30,31,0,0,145,0,141,136,0,143,0,144,142,0,140,158,152,151,156,0,153,150,154,0,161,0,160,159,55,50,0,51,49,0,0,57,54,45,56,53,0,67,69,65,58,0,0,62,61,60,0,70,66,63
0,124,0,0,130,128,123,0,0,133,125,0,132,162,0,165,0,1,0,167,4,0,2,5,169,0,49,0,53,45,51,48,52,47,54,55,57,50,56,143,146,142,137,139,147,138,145,140,0,144,136,148,12,18,13,9,6,0,15,14,0,7,8,17,10,64,0,68,67,70,63,60,65,0,69,58,62,61,84,85,86,87,88,0,90,0,92,93,94,95,96,158,155,153,157,0,151,159,161,0,0,150,152,156,71,72,73,74,75,0,77,78,79,80,81,82,83,0,22,0,30,24,19,31,26,20,27,25,29,23,41,35,34,39,40,36,33,0,0,44,38,43,42,107,0,99,103,101,98,100,0,106,97,108,0,104,119,121,0,110,116,111,114,113,0,120,122,118,115
6,165,7,168,2,0,164,167,3,5,166,0,4,0,40,0,36,0,0,39,45,35,43,46,41,38,0,87,0,86,0,0,93,0,0,96,0,91,0,15,18,14,9,11,19,10,0,12,0,16,8,20,0,59,0,50,0,52,0,55,57,48,0,58,0,0,100,0,108,111,104,101,106,107,110,99,103,102,125,126,127,0,129,130,0,132,133,134,135,136,137,0,0,25,29,26,23,31,33,32,0,22,24,28,112,113,114,115,116,0,118,119,120,121,122,123,124,62,63,69,71,65,0,0,67,61,68,0,0,64,82,76,75,80,81,77,74,78,73,85,79,0,83,148,143,140,144,142,139,141,150,0,0,149,0,145,160,162,158,151,157,152,0,154,153,161,163,0,156
32,22,0,25,28,26,0,0,0,0,23,27,30,60,0,63,62,68,0,65,71,61,69,72,67,64,116,113,0,112,118,0,119,0,121,122,124,117,123,41,44,40,35,37,45,36,0,38,39,42,0,46,79,85,80,76,73,78,82,81,83,74,0,84,0,131,126,135,134,137,130,127,132,0,136,0,129,128,0,152,153,154,155,156,0,158,0,160,161,162,0,56,0,51,55,52,49,57,59,58,47,48,50,54,138,0,140,141,142,143,144,0,146,147,148,149,0,88,89,95,0,0,86,98,93,87,94,0,96,90,108,0,101,106,107,103,100,0,0,111,0,110,109,0,169,166,1,168,165,167,7,4,0,6,3,2,17,19,15,8,0,9,12,11,0,18,20,16,13
84,74,0,77,80,78,73,0,81,0,75,0,0,112,118,115,114,120,0,117,123,113,0,124,119,116,0,165,3,164,1,167,2,166,0,5,7,169,6,93,96,92,87,89,0,88,0,90,91,94,86,98,131,137,132,128,0,130,134,133,135,126,127,136,0,14,9,18,17,20,13,0,15,16,19,8,0,0,34,35,36,37,0,39,40,41,0,43,44,0,0,108,105,0,107,104,101,109,111,0,99,100,0,106,21,22,23,24,25,26,27,28,29,30,0,32,33,0,141,147,149,143,138,150,145,139,0,144,148,142,160,154,0,0,159,155,152,156,151,163,157,162,0,0,0,49,0,0,48,50,59,56,47,58,55,54,69,71,67,60,0,61,0,63,0,70,72,68,65
71,61,72,64,0,65,60,63,68,70,62,66,69,99,105,0,101,107,0,104,110,100,0,111,106,103,155,152,159,0,0,154,158,0,0,161,163,156,0,80,0,79,74,0,84,75,0,77,78,81,73,0,118,0,0,115,112,117,0,120,0,113,114,123,116,1,165,0,0,7,169,0,2,3,6,164,168,167,0,22,23,24,25,26,27,28,29,30,31,32,0,95,92,90,94,91,88,96,98,97,86,87,89,93,8,9,0,11,12,13,0,15,16,0,18,19,20,127,128,0,136,130,125,137,132,126,133,131,135,129,0,0,0,145,146,142,139,143,138,150,144,149,148,44,39,36,40,38,35,37,46,43,34,45,42,41,0,58,54,0,0,48,51,0,49,0,59,0,52
136,126,137,129,132,130,125,128,133,135,127,131,134,0,0,167,166,0,5,169,6,165,0,7,2,168,0,48,55,0,53,50,0,49,56,57,59,52,0,0,148,144,139,141,149,140,147,142,143,146,0,150,14,20,15,11,8,13,17,16,18,9,10,19,12,66,61,70,0,72,65,62,67,68,71,60,64,63,86,87,88,0,90,91,92,93,94,0,96,97,98,0,157,155,159,156,153,0,0,162,0,152,154,158,73,74,0,0,77,0,0,80,81,82,0,0,0,23,24,0,32,0,21,33,28,0,29,0,31,25,43,37,36,41,0,38,35,39,34,0,0,45,44,109,104,0,0,103,100,0,111,108,99,110,107,0,121,0,119,112,118,113,116,115,114,0,124,120,117
19,9,20,0,0,0,8,11,16,0,10,0,17,47,53,50,49,0,57,52,58,48,0,59,54,51,0,100,107,99,105,102,0,101,108,109,111,104,110,0,0,27,22,24,32,23,30,25,0,29,21,33,66,0,67,63,60,0,69,68,70,0,62,71,64,118,113,122,121,124,117,0,119,120,123,0,116,115,138,139,140,141,142,143,144,145,146,147,148,149,150,0,40,38,0,39,0,44,0,0,34,35,37,41,125,126,127,128,129,130,131,132,133,134,135,136,137,0,76,82,0,78,0,85,80,74,81,79,83,77,95,0,88,93,0,0,87,91,0,98,92,97,96,0,156,153,157,0,152,154,163,0,151,162,159,158,4,6,2,0,1,165,168,0,166,0,7,3,169
0,0,0,0,119,117,112,115,120,122,0,0,121,151,0,154,153,0,161,0,162,0,160,163,158,155,38,35,42,34,40,37,41,36,0,44,46,39,45,132,0,131,126,0,136,127,134,129,0,133,125,137,1,7,2,167,164,169,0,3,5,165,166,6,168,53,0,57,56,59,52,49,54,55,0,47,51,50,73,74,75,76,77,78,79,0,81,82,83,0,85,147,144,0,0,143,140,148,150,149,138,139,141,145,60,0,62,63,64,65,66,67,68,69,70,71,72,10,0,17,19,13,8,20,15,0,16,14,18,0,30,0,0,28,29,0,22,26,0,33,27,0,0,96,91,88,92,90,0,0,98,0,86,0,94,0,0,0,106,99,105,100,103,102,101,109,111,0,104
162,152,163,155,158,156,151,154,159,161,153,157,160,21,0,24,23,0,0,26,32,22,0,33,0,25,77,74,81,73,79,0,80,0,82,0,85,78,84,2,5,1,165,0,0,166,4,168,169,0,164,0,0,46,41,37,0,39,43,0,44,0,36,45,38,92,87,96,95,0,91,88,93,94,97,86,90,0,112,113,114,115,116,117,118,119,120,121,122,123,124,17,14,12,16,13,10,0,20,0,8,9,11,15,99,100,101,102,103,104,105,106,0,108,109,110,111,0,0,56,58,52,47,59,54,48,55,0,57,51,69,63,62,67,68,64,61,0,60,72,0,0,70,135,130,127,0,129,126,0,137,134,0,136,133,0,0,149,145,138,144,139,142,141,140,0,150,146,0
58,48,59,51,0,52,0,50,55,57,49,53,0,86,0,89,88,94,96,91,97,87,95,98,0,90,142,139,146,138,144,141,145,140,147,148,150,143,149,67,0,66,61,63,71,0,69,64,65,68,60,72,105,111,106,102,99,104,108,107,109,100,101,110,103,0,152,161,160,163,156,0,0,159,162,151,155,0,8,9,0,11,12,13,14,0,16,17,18,0,0,82,79,77,81,78,75,83,0,84,73,74,76,0,0,0,0,167,0,169,1,2,3,4,0,0,7,114,115,121,123,117,112,0,119,0,120,118,122,0,134,0,127,132,0,129,126,130,0,137,131,136,135,31,0,23,27,25,22,24,33,30,21,32,29,28,43,45,41,34,40,35,0,0,0,44,46,0,39
45,35,46,38,41,39,0,37,0,44,36,40,43,73,79,76,75,81,0,78,84,0,82,85,80,0,129,0,133,0,0,128,132,127,0,0,137,130,136,54,57,53,48,50,58,49,0,51,0,55,47,59,0,98,93,0,86,91,95,94,96,87,88,97,90,144,139,148,147,150,143,140,145,146,149,138,142,141,164,165,166,167,0,0,1,2,3,4,5,6,7,69,66,0,68,65,62,70,72,71,60,0,63,67,151,152,153,154,0,156,157,158,0,0,161,162,163,101,102,108,0,0,0,111,106,0,107,105,109,103,121,115,114,119,120,0,113,117,112,124,118,123,122,18,13,10,14,12,9,11,20,17,0,0,16,15,0,32,28,0,0,22,0,24,23,0,33,29,26
0,87,98,90,0,91,86,89,94,96,0,92,95,0,0,128,0,0,0,130,136,126,134,137,132,0,0,9,16,8,14,11,0,0,17,18,0,13,19,106,0,105,0,102,110,0,0,103,104,107,0,0,144,150,145,141,0,0,147,146,148,139,0,149,142,27,22,31,30,33,26,23,28,29,0,21,25,0,47,48,49,50,51,52,53,54,55,56,57,0,59,121,118,116,0,117,114,0,0,123,112,0,115,119,34,35,36,37,38,39,40,0,42,43,44,0,0,153,154,160,162,156,151,163,158,152,0,157,0,155,4,167,166,2,3,168,165,169,164,7,1,6,0,70,65,62,66,64,61,0,0,69,60,71,68,0,82,84,80,73,79,74,77,0,0,0,0,81,78
0,0,111,103,106,104,0,102,0,109,0,0,0,138,0,0,140,0,0,143,149,0,147,0,0,142,0,0,29,21,27,24,28,23,30,0,33,26,32,0,122,118,113,115,123,0,121,116,117,0,0,124,157,163,158,154,0,156,160,0,161,152,153,162,0,40,35,44,43,0,0,36,41,42,45,34,38,37,0,61,62,0,64,65,66,67,68,69,0,71,72,134,131,129,133,130,127,135,137,136,0,126,128,132,0,0,49,50,51,52,53,54,55,56,57,58,59,166,167,4,6,0,164,7,2,0,3,1,5,168,0,11,10,15,16,12,9,13,8,20,14,19,18,83,78,75,79,77,74,0,85,82,73,84,81,80,95,97,93,86,0,87,0,89,0,96,98,94,91
149,139,0,142,145,143,138,141,146,148,0,144,147,8,14,0,10,16,18,13,19,9,17,0,0,12,64,61,68,60,66,63,67,62,69,70,72,65,71,158,161,157,152,0,162,153,160,155,156,159,151,163,27,0,0,0,21,26,30,29,31,22,23,32,25,79,0,83,82,85,78,75,80,81,84,73,77,76,99,100,0,102,0,104,105,106,107,108,109,110,111,4,1,0,3,169,166,5,7,6,164,165,167,2,0,87,0,89,90,91,92,93,0,0,96,97,0,0,37,43,45,39,34,46,41,35,42,40,44,38,56,50,49,54,55,0,48,52,47,59,53,58,0,0,117,0,118,116,113,115,124,121,112,0,0,119,134,136,132,125,0,0,129,128,0,135,137,133,130
0,108,0,111,114,112,107,110,0,0,109,113,0,146,152,149,0,154,156,151,157,0,155,0,153,150,33,30,37,29,35,32,36,31,0,39,41,0,40,127,130,126,121,123,131,122,0,124,0,128,120,132,165,2,166,162,159,164,168,167,169,160,161,0,163,48,43,52,51,54,47,0,49,50,0,42,46,45,68,69,70,71,0,73,0,75,76,77,78,79,80,142,139,137,141,138,135,143,145,144,133,134,136,0,0,56,57,58,59,60,61,62,63,64,65,66,67,5,6,12,0,8,3,15,10,4,11,0,13,7,25,19,18,0,24,20,0,21,16,28,22,0,26,91,86,0,0,85,82,0,93,90,81,92,0,88,0,105,101,94,100,95,98,97,96,0,106,102,0
92,82,93,0,88,86,81,84,89,91,83,87,90,120,0,0,0,128,0,125,131,121,0,0,0,124,7,4,11,0,0,6,0,0,12,13,15,8,14,101,104,100,95,0,105,96,103,98,0,102,94,106,0,145,140,136,133,138,0,141,143,134,135,144,137,22,17,26,25,28,21,18,23,24,27,16,20,19,0,43,0,45,46,47,0,0,50,51,52,53,54,116,113,111,0,112,109,0,119,118,107,108,110,0,29,30,31,32,33,34,35,36,37,38,39,0,41,148,149,0,157,151,146,158,153,147,154,152,156,150,168,162,0,166,167,163,0,0,0,2,165,1,169,65,60,57,0,59,56,0,67,64,55,0,63,62,77,0,75,68,74,69,72,71,0,78,80,76,73
79,69,80,72,75,73,68,71,76,78,0,74,77,107,113,0,109,115,0,112,0,108,116,119,114,111,0,0,167,159,165,162,0,0,168,169,2,0,1,0,91,87,82,84,0,0,0,85,86,89,0,0,126,132,127,0,120,125,129,128,130,121,0,0,124,9,4,13,12,15,8,5,10,11,14,3,7,6,0,30,31,32,0,34,35,36,37,38,0,40,41,103,0,0,0,99,96,104,106,0,0,95,97,101,16,17,18,19,20,21,22,23,24,25,26,27,28,0,136,142,144,138,133,145,0,134,0,139,143,137,155,149,148,153,154,150,147,151,146,158,152,157,156,52,47,44,48,46,43,45,54,51,0,53,50,49,0,66,62,55,0,56,59,58,57,65,67,0,60
157,147,158,150,0,151,146,149,154,156,148,152,155,0,22,0,18,24,26,21,27,17,25,0,23,20,72,69,76,0,74,71,0,0,77,78,80,0,79,166,0,165,0,162,1,161,168,163,164,0,159,0,35,0,36,32,29,34,38,37,39,30,31,40,0,0,82,91,90,93,86,83,88,89,0,81,85,84,0,108,0,110,111,112,0,114,0,116,117,0,119,12,9,7,11,8,5,13,15,0,3,0,6,10,94,95,96,97,98,99,100,101,102,0,0,105,106,44,45,51,53,47,42,54,49,43,50,0,0,46,64,58,0,62,63,59,0,60,55,67,61,66,65,0,125,122,0,124,121,123,132,129,120,131,128,127,142,0,140,133,0,134,137,136,135,0,145,141,138
27,17,28,20,23,0,16,19,24,26,18,22,25,55,61,58,0,63,0,60,66,56,64,67,0,59,111,0,115,107,113,110,114,109,0,117,119,112,118,36,39,35,30,32,40,31,38,33,34,37,29,41,74,80,75,71,68,73,77,76,0,69,70,79,0,126,0,130,129,132,0,122,127,128,0,120,124,123,146,147,148,149,150,0,152,153,154,155,156,157,0,51,48,46,50,47,44,52,0,53,42,0,45,0,0,134,0,136,137,138,139,0,141,142,143,144,145,83,84,90,92,0,81,93,88,82,89,87,0,85,0,97,96,101,102,98,0,99,0,106,100,0,0,169,164,0,165,0,160,162,0,168,159,1,167,0,12,0,10,0,0,0,7,6,5,13,15,11,8
0,95,106,98,101,99,94,97,102,104,96,100,0,133,139,136,135,141,143,138,144,134,0,0,140,137,20,0,24,16,0,19,23,18,25,0,28,21,27,0,0,0,0,0,118,0,116,111,112,115,107,119,152,158,153,149,146,151,155,154,156,0,0,157,150,0,30,39,38,41,34,31,36,37,40,29,33,32,55,0,57,58,59,0,61,62,63,64,65,0,67,129,126,0,128,0,0,0,132,131,120,121,123,127,0,0,44,45,46,47,48,0,50,51,52,53,0,161,162,168,1,164,159,2,166,160,167,165,169,0,12,6,5,10,0,7,0,8,0,15,9,14,0,78,73,70,74,0,69,71,80,77,0,79,76,75,90,92,88,81,87,82,85,84,83,91,0,89,86
0,160,2,163,166,0,159,0,0,169,161,165,168,29,0,0,31,0,39,34,40,30,38,41,36,33,85,82,0,81,87,0,0,83,90,91,93,86,92,10,13,9,4,6,14,0,12,7,8,11,0,15,48,54,49,45,42,47,51,50,52,43,44,53,46,100,95,104,103,106,0,96,101,102,105,94,98,97,0,0,122,123,0,125,126,127,0,129,130,131,0,25,22,20,24,21,18,26,28,0,16,0,19,23,107,108,109,110,111,0,113,114,0,116,0,118,119,57,58,64,66,60,55,67,62,0,63,61,65,59,77,71,0,75,76,72,69,73,68,80,0,0,78,0,138,135,0,137,134,136,0,142,133,144,141,140,155,157,153,146,152,147,150,149,148,0,158,154,151
14,4,15,7,10,8,3,0,0,13,5,9,12,0,48,45,0,50,0,47,53,43,51,54,0,46,98,95,102,94,100,97,101,96,103,104,0,99,0,23,0,22,0,19,27,18,25,20,0,0,0,0,0,67,62,58,55,60,0,63,65,56,57,0,59,113,108,117,116,119,112,109,0,115,118,107,111,110,133,134,135,136,0,138,139,140,141,142,0,144,145,38,35,0,37,34,31,0,41,40,0,30,32,36,120,121,122,123,124,125,0,127,128,129,130,0,132,0,71,77,79,73,68,80,75,69,0,74,78,72,90,84,83,88,89,85,82,86,81,93,87,0,91,156,0,148,152,0,147,149,0,155,146,157,154,0,168,1,166,159,165,160,0,162,161,169,2,0,0
66,56,67,59,62,60,55,58,63,0,57,61,64,94,100,97,0,102,0,0,105,95,103,106,0,98,150,147,0,0,152,0,153,148,155,156,158,151,0,75,78,74,69,71,0,70,77,72,73,76,68,80,113,0,114,110,107,0,116,115,117,108,109,118,0,165,0,169,168,2,164,161,166,167,0,159,163,162,16,17,18,19,0,21,0,23,24,25,26,27,0,90,87,0,89,86,83,91,93,92,0,82,84,88,3,4,0,6,7,8,9,0,11,12,0,14,15,0,123,129,0,125,120,132,0,121,128,126,130,124,0,136,135,140,141,137,134,138,133,0,139,144,143,39,0,31,35,33,30,0,41,38,0,40,37,0,0,53,49,42,48,43,46,45,44,52,54,50,47
131,121,132,124,127,125,120,123,128,130,122,126,129,159,0,162,161,167,0,0,1,0,168,2,166,163,46,43,50,42,48,45,49,0,51,52,54,47,53,140,0,139,134,0,144,135,142,137,138,141,0,145,9,15,10,0,3,0,12,11,13,4,5,14,0,61,0,65,64,0,60,0,62,63,0,55,59,58,81,82,83,0,85,86,87,88,89,90,91,92,93,155,152,0,154,151,148,156,0,157,146,0,0,153,68,0,70,71,72,73,74,75,0,77,0,79,80,18,19,25,27,21,16,28,23,17,24,22,0,0,38,0,31,36,37,0,30,34,29,41,35,40,39,104,99,0,0,98,0,97,106,103,0,0,102,101,116,118,114,107,113,108,0,110,109,117,0,115,0
144,0,145,0,140,138,133,136,141,143,135,0,142,3,9,6,5,0,0,8,14,4,12,0,10,7,0,0,63,55,61,0,62,57,64,65,0,0,66,153,156,152,147,149,157,148,155,150,151,154,146,158,22,28,23,0,16,0,25,24,26,17,18,27,20,74,69,78,77,80,73,0,75,76,79,68,72,71,94,0,96,97,98,99,0,101,102,103,104,105,106,168,165,0,167,0,161,169,2,1,0,0,162,166,81,82,0,84,85,0,87,88,89,90,91,0,93,31,32,38,40,34,29,0,36,30,37,35,39,0,51,0,44,49,50,0,43,47,42,0,48,53,52,117,112,109,113,0,108,110,119,116,0,118,115,114,129,131,127,120,126,0,0,123,122,130,132,0,125
53,43,0,46,49,47,42,45,50,52,44,48,51,0,87,0,83,0,91,86,92,82,90,93,88,85,137,134,141,133,139,0,140,0,142,0,0,138,0,0,65,0,56,58,66,57,64,59,60,0,55,0,100,106,101,97,94,99,103,102,104,95,96,105,98,152,147,0,0,158,151,0,0,154,157,146,150,149,0,4,0,6,7,8,9,10,11,12,13,14,15,77,74,72,76,0,70,78,0,0,68,69,71,75,159,160,161,162,163,164,165,166,167,168,169,0,2,109,110,116,0,0,107,119,0,108,115,0,117,111,129,123,0,127,128,0,0,0,0,132,126,131,130,0,0,18,0,0,17,0,0,25,0,27,0,23,38,40,0,29,0,30,33,32,31,39,0,37,34
0,30,41,33,36,34,29,32,37,39,31,35,0,68,74,71,70,76,78,73,79,69,77,80,75,0,124,0,128,120,126,0,0,122,129,0,132,0,131,49,52,48,43,45,53,44,51,46,47,50,42,54,87,93,88,0,81,86,90,89,91,82,83,0,85,139,134,0,142,145,138,135,140,141,144,133,137,136,0,160,161,0,0,164,165,166,167,168,169,0,0,64,0,59,63,60,57,65,67,66,55,56,58,62,146,147,0,149,150,151,0,153,0,155,156,157,0,0,97,103,105,99,94,106,0,95,102,100,104,0,0,0,109,114,115,0,108,112,107,119,113,118,117,13,0,5,0,0,0,6,15,12,3,0,11,10,25,27,23,16,22,17,20,0,0,0,28,24,21
109,99,110,102,105,103,98,0,106,0,100,104,107,137,0,140,139,145,147,0,148,0,0,0,144,141,0,21,28,20,0,0,27,0,29,30,32,25,0,0,0,117,0,114,0,113,0,115,0,119,0,123,156,162,157,153,150,155,159,158,160,151,0,161,154,0,34,43,42,0,38,35,0,41,44,33,37,36,59,60,0,62,63,0,65,66,67,68,69,70,71,133,130,128,132,0,126,134,136,135,124,0,0,0,46,0,0,49,50,51,52,53,54,55,0,57,58,165,166,0,5,168,163,6,1,164,2,169,4,167,0,10,0,0,15,11,8,12,7,19,13,18,17,82,77,74,78,0,73,75,84,0,0,0,80,79,94,0,92,85,0,0,89,88,87,95,97,93,90
18,8,0,11,14,12,7,10,0,0,9,13,16,46,52,49,0,54,56,51,57,47,55,0,53,50,102,0,106,98,104,0,105,100,107,0,0,103,109,27,30,26,0,23,0,22,0,24,25,0,20,32,65,71,66,62,0,64,68,0,69,0,61,70,0,117,112,0,120,123,116,113,118,119,0,111,115,0,137,0,139,140,141,142,143,0,145,146,147,0,149,42,39,0,0,38,35,43,45,0,33,34,36,0,0,125,126,127,0,129,130,131,132,133,134,135,136,74,75,81,0,77,72,84,79,73,0,78,82,76,94,88,0,0,93,89,86,90,85,97,91,96,95,160,0,152,156,0,151,0,0,159,150,161,158,157,0,5,1,0,169,164,0,0,165,4,6,0,0
122,112,123,115,118,0,111,114,119,0,113,117,120,150,156,153,152,158,0,155,161,0,159,162,157,154,37,34,41,33,0,36,40,35,0,43,45,38,44,131,134,130,125,0,0,126,0,128,0,132,124,136,169,6,1,166,163,0,3,2,4,164,165,5,167,52,47,0,55,58,51,0,53,54,57,0,0,49,0,73,74,75,76,77,78,79,0,81,0,83,0,146,143,141,145,142,139,147,0,148,137,0,140,144,0,60,61,62,0,64,65,66,0,0,69,70,71,9,10,16,18,12,7,19,14,8,0,13,17,11,29,23,22,0,28,24,21,25,20,32,0,31,30,95,0,87,91,0,86,88,97,94,0,96,93,92,107,109,105,0,0,99,102,0,100,108,110,106,103
135,0,136,128,131,129,124,0,132,0,126,130,0,163,169,166,165,0,0,168,5,164,3,6,0,167,0,47,0,46,52,49,53,48,55,0,58,51,57,144,147,143,138,140,148,139,0,141,142,145,137,149,0,0,0,10,7,12,16,0,0,8,9,18,11,65,60,69,0,71,64,61,0,67,0,59,63,62,85,86,87,0,89,90,0,92,93,94,0,96,97,159,156,154,158,0,152,0,162,161,150,151,0,157,72,0,0,75,0,77,78,79,80,0,82,83,84,22,23,29,31,0,20,32,27,0,28,26,0,24,42,36,35,40,41,37,34,38,33,0,39,0,43,108,103,100,0,102,0,101,110,107,98,109,106,105,0,122,118,111,117,112,115,114,113,121,0,119,116
70,60,71,0,66,64,59,62,67,69,61,65,68,98,104,101,0,0,108,103,109,99,107,110,0,102,154,151,0,150,156,153,157,152,159,160,162,0,161,0,82,78,73,75,0,74,81,0,77,80,72,84,117,123,118,114,111,116,120,0,121,0,113,0,115,169,164,0,3,6,0,165,1,2,5,163,0,166,0,21,22,23,24,25,0,0,28,29,0,31,32,94,91,89,93,0,0,95,97,96,85,86,0,92,7,0,9,0,11,12,0,14,15,0,0,18,19,126,127,133,135,129,0,136,131,125,132,130,134,128,0,0,139,144,145,141,138,0,137,149,143,148,147,43,38,0,39,37,34,0,0,42,33,44,41,40,55,57,0,46,52,47,50,49,48,56,58,54,51
148,0,149,141,144,142,0,140,145,0,139,143,146,7,13,10,9,15,17,0,0,8,16,19,14,11,63,60,67,59,65,62,0,0,68,69,71,0,70,157,160,156,151,153,161,152,0,154,0,0,150,162,26,32,27,23,20,25,0,28,30,21,22,31,0,78,73,82,0,0,77,0,79,0,0,72,76,75,98,99,0,101,102,103,104,105,106,107,108,109,110,3,0,167,2,168,165,4,6,0,0,164,166,1,85,86,0,0,0,0,91,92,93,94,95,0,97,35,0,42,44,0,0,0,40,34,41,39,43,37,0,49,0,53,54,50,0,0,46,58,52,0,0,121,116,113,0,0,112,114,123,0,111,122,0,0,133,135,131,124,130,125,128,127,126,134,136,132,129
31,21,32,24,0,0,0,23,28,0,22,0,29,0,65,0,0,67,69,64,70,60,68,71,66,63,0,112,119,111,117,114,0,113,120,121,123,0,122,40,0,39,0,36,0,35,42,0,38,0,33,45,78,84,0,75,72,77,81,80,82,73,74,83,76,130,125,134,133,0,129,0,131,132,135,124,128,127,0,0,0,153,154,155,156,157,0,0,0,161,162,55,0,0,54,51,48,0,58,57,46,47,49,53,137,138,139,0,141,142,143,0,145,146,147,148,149,87,88,94,96,0,85,97,92,86,93,91,95,89,0,101,100,0,106,102,99,103,98,110,104,109,108,4,168,165,169,167,164,0,6,0,163,5,2,1,16,18,14,7,13,8,11,0,9,17,19,15,12
0,0,45,37,40,38,33,36,41,43,35,39,42,72,78,75,74,0,0,77,83,73,81,0,0,0,128,125,132,0,130,0,0,126,0,134,136,129,135,53,56,52,47,49,57,48,55,50,0,54,46,58,91,97,92,0,85,90,94,93,95,86,87,96,89,143,138,0,0,149,0,0,144,0,148,0,141,140,0,0,165,166,0,168,169,1,0,3,4,5,6,68,65,63,67,64,61,69,71,70,59,60,62,66,150,151,152,153,154,155,156,0,158,159,160,161,162,100,0,107,109,103,98,110,105,99,0,104,108,102,120,114,113,0,0,115,112,116,0,123,117,122,121,17,12,0,13,11,8,0,19,16,7,0,15,14,29,31,0,20,26,21,24,23,0,30,32,28,25
161,151,162,154,157,155,150,153,0,160,152,0,0,20,26,23,22,28,30,25,31,21,29,32,0,24,76,0,0,72,78,0,0,74,81,82,84,77,83,1,4,169,0,166,5,0,3,167,168,2,163,6,39,45,0,0,33,38,42,41,43,0,35,44,37,91,86,0,94,0,90,87,92,93,96,85,89,88,111,112,113,114,115,116,0,118,0,120,121,122,123,16,13,11,15,12,9,17,19,18,7,8,10,14,98,99,0,101,102,103,104,105,106,0,108,109,110,48,49,55,57,51,0,58,0,47,54,52,56,50,68,62,61,66,67,63,60,64,59,71,65,70,69,0,129,0,130,128,0,127,136,133,124,135,132,131,146,148,0,137,143,138,141,0,139,147,149,145,142
0,86,97,89,92,90,0,88,93,95,87,91,94,124,0,127,126,0,0,129,135,125,0,0,0,128,11,8,0,7,13,10,0,9,16,17,19,12,18,105,0,104,99,101,109,0,107,102,103,106,98,110,143,149,144,140,0,142,146,145,147,138,0,0,141,26,21,30,29,0,25,22,27,28,31,20,0,23,46,47,48,49,50,51,52,0,54,55,56,0,58,120,117,115,119,116,113,121,123,0,111,112,0,0,33,34,0,36,0,38,39,40,41,42,43,44,0,152,153,159,161,0,150,0,157,151,158,0,160,154,0,166,165,1,2,167,0,168,163,6,169,5,4,69,64,61,65,0,0,62,0,68,59,70,0,66,0,83,79,72,78,73,76,75,74,0,0,80,0
0,0,58,50,53,51,0,0,0,56,48,52,55,85,91,88,87,93,95,90,96,86,94,0,92,89,141,138,145,0,0,140,144,139,146,147,0,142,148,0,69,65,60,62,70,61,68,0,64,67,59,0,104,0,105,101,98,103,107,106,108,99,0,109,102,0,151,0,159,162,0,0,157,158,161,150,154,153,7,8,9,10,11,12,13,0,15,0,17,18,19,81,78,76,80,0,74,82,84,83,72,73,75,0,163,164,165,166,167,0,169,0,2,3,4,5,6,113,114,0,122,116,0,0,0,0,0,0,121,115,133,127,126,131,0,128,125,0,124,136,130,135,134,30,25,22,0,24,21,23,32,0,20,31,28,27,42,44,40,33,39,34,37,36,35,43,45,41,0
5,164,6,167,0,168,163,166,0,0,165,169,3,33,39,36,35,41,43,38,44,34,42,45,40,37,89,86,93,85,91,88,92,87,94,95,97,90,96,14,0,13,8,10,18,9,16,11,0,15,7,19,52,58,53,49,0,51,55,54,56,47,48,57,50,104,0,108,107,110,0,100,105,106,109,98,102,101,124,125,126,127,128,129,130,131,132,133,134,135,136,0,0,24,28,0,0,0,32,31,20,0,23,27,0,112,113,114,0,116,117,118,119,120,121,122,0,61,62,0,70,64,59,71,66,60,67,65,69,63,81,75,74,79,80,76,73,77,72,84,0,83,0,0,0,139,143,0,138,0,149,146,137,148,145,0,159,0,157,150,156,151,0,153,152,160,0,0,155
0,0,84,76,79,77,72,75,80,0,74,78,0,111,117,114,113,119,121,116,122,112,120,123,0,115,0,164,2,163,169,166,1,165,3,4,6,0,5,0,95,0,86,0,0,87,94,89,90,93,85,97,130,136,131,127,124,129,133,132,134,125,126,0,128,0,8,17,16,19,0,9,14,15,18,7,11,10,33,34,35,36,37,38,0,40,0,0,43,44,45,107,104,102,106,103,100,108,110,109,98,0,101,0,0,21,22,23,24,0,26,27,0,0,30,31,32,0,0,0,148,0,137,149,144,0,0,143,147,0,159,153,152,157,158,154,151,155,0,162,156,0,0,56,51,48,52,50,47,49,58,55,0,0,54,0,68,70,66,0,65,0,63,62,61,69,71,67,64
132,122,133,125,128,126,121,124,129,0,0,127,0,160,166,163,162,168,1,0,2,161,169,0,167,164,47,44,51,43,49,46,50,45,52,53,55,48,54,141,144,140,135,137,145,136,143,138,139,142,134,146,0,16,11,7,4,0,0,12,14,0,6,15,8,62,0,66,65,0,0,58,63,64,67,56,60,59,82,83,84,85,86,87,0,0,90,0,92,93,94,156,153,151,0,152,149,157,159,0,147,0,150,154,0,70,71,72,73,74,75,0,77,78,79,80,0,19,20,26,28,22,17,29,0,18,25,23,27,21,39,0,32,37,38,0,0,35,0,42,36,41,0,0,100,0,101,99,96,0,107,0,95,106,103,102,117,119,115,0,114,109,0,111,110,118,120,116,0
119,109,0,112,115,0,108,111,0,0,110,114,117,147,153,150,149,155,157,152,158,0,156,159,0,151,34,31,38,30,36,33,37,32,39,0,42,0,41,0,131,0,122,124,132,0,130,0,126,129,0,133,166,3,0,163,160,165,169,168,1,0,162,2,0,49,44,0,52,55,0,45,50,51,54,0,47,46,0,70,71,72,73,74,75,76,0,78,79,80,0,0,140,138,0,139,136,144,0,0,134,135,0,141,0,57,58,0,60,0,62,63,0,65,0,67,68,6,7,13,15,0,4,16,11,5,0,10,14,8,0,20,19,24,25,21,18,22,17,29,23,28,27,92,87,84,88,0,83,85,94,0,82,93,90,89,104,106,102,95,101,96,99,98,97,0,107,103,100
0,161,3,164,167,165,160,163,168,1,162,166,169,30,36,33,32,38,40,35,41,31,39,0,37,34,86,83,90,0,88,0,89,84,91,0,94,87,93,0,14,10,5,7,15,0,13,8,9,0,4,16,49,0,50,0,0,48,0,51,53,44,45,54,47,101,96,105,104,107,100,97,102,103,106,0,99,98,121,122,123,124,125,126,127,128,0,130,131,132,0,26,23,21,25,22,19,0,0,28,17,18,20,24,108,109,110,111,112,113,114,115,0,117,0,119,120,0,0,0,0,61,56,68,63,57,64,62,66,60,78,72,71,0,77,0,0,74,69,0,0,80,0,0,139,136,0,0,135,0,146,143,134,145,142,141,156,158,154,147,153,148,151,150,149,157,159,0,152
0,148,0,151,0,152,147,150,155,157,149,153,156,17,23,20,19,25,27,22,28,18,26,29,0,0,73,70,0,69,75,72,76,71,0,79,0,74,80,167,0,166,161,163,2,162,169,0,165,168,0,3,36,42,37,33,30,35,0,0,0,0,32,41,34,88,83,92,91,94,87,84,89,90,0,82,86,85,0,109,110,111,0,113,114,115,116,117,118,119,120,13,0,8,12,9,0,14,16,0,4,5,7,11,95,96,0,0,99,100,101,102,103,104,105,0,107,45,46,0,54,48,43,55,0,44,51,0,53,47,65,59,58,63,64,0,57,61,56,68,62,67,66,0,0,0,127,125,122,124,133,130,121,132,129,128,0,145,0,134,140,135,0,137,136,0,146,142,139
0,83,94,86,89,87,82,85,90,92,84,0,91,0,0,0,0,0,131,126,132,0,130,133,128,125,0,5,12,4,10,7,11,6,13,0,0,9,15,102,105,0,0,98,106,97,104,0,100,103,95,107,140,146,141,137,134,0,143,142,0,0,136,145,0,0,18,27,26,29,22,19,24,25,28,17,21,20,43,44,45,46,47,0,0,50,0,0,53,0,0,117,114,0,116,113,110,118,120,119,108,109,111,115,30,31,32,33,0,35,36,37,0,39,40,41,0,149,150,156,158,0,147,159,154,148,0,153,157,151,0,0,0,0,168,164,0,0,160,3,166,2,1,66,61,0,0,60,57,59,68,65,56,0,64,63,78,80,0,69,75,70,0,0,71,0,81,77,74
0,0,16,8,11,0,0,7,12,14,6,0,13,43,49,0,45,0,53,48,0,44,52,0,50,0,0,96,103,0,0,98,102,97,104,0,107,100,106,0,27,23,18,20,28,19,0,21,22,25,0,29,62,68,63,59,56,61,65,64,66,57,0,67,60,114,109,118,117,120,0,110,115,116,0,108,112,111,0,0,136,0,0,139,140,141,0,143,144,145,146,0,36,34,38,35,32,40,42,41,30,31,33,37,121,122,123,124,125,126,127,128,0,130,0,132,133,0,72,78,80,74,69,81,76,70,77,75,0,73,91,85,0,0,90,86,83,87,82,94,88,93,92,157,152,149,153,151,148,150,159,156,147,158,155,0,169,2,167,160,166,161,0,0,0,1,3,0,165
67,57,68,60,63,61,56,0,0,66,58,62,65,95,101,98,97,0,105,100,0,96,104,107,0,99,151,0,155,147,153,0,154,149,156,157,159,152,158,76,79,75,0,72,0,71,78,73,74,77,69,81,114,120,115,111,108,113,117,116,118,109,110,119,112,166,0,1,169,3,165,162,167,0,2,160,164,163,17,18,0,0,21,22,23,24,25,26,27,0,29,91,88,86,90,0,84,92,94,93,82,83,85,0,4,0,6,7,8,9,10,11,12,13,0,15,16,123,124,130,132,126,121,133,128,0,129,0,0,125,143,137,136,141,142,138,135,139,134,146,0,145,0,40,35,32,36,34,31,33,42,0,30,41,0,37,0,0,50,0,49,0,47,46,45,53,55,0,48
28,0,29,21,24,22,0,20,25,27,19,23,0,56,0,59,58,0,66,61,67,57,0,68,63,0,0,109,116,108,114,111,115,110,117,118,0,113,119,0,0,36,31,33,0,0,39,34,0,38,30,42,75,81,0,72,0,74,78,77,79,70,71,80,73,127,0,131,130,0,126,123,128,129,132,121,125,0,0,148,149,150,151,152,153,154,155,156,157,158,159,0,49,47,51,48,0,53,55,54,0,44,46,50,134,135,136,137,138,139,140,141,142,0,144,145,146,84,0,91,93,0,0,94,89,83,90,0,0,86,104,98,0,102,103,99,0,100,95,107,101,106,105,1,165,162,166,164,161,0,3,0,160,2,168,167,13,15,11,4,10,5,8,0,6,14,16,12,9
0,96,107,99,102,100,0,98,103,105,97,101,0,134,140,137,0,142,144,139,145,0,143,146,141,138,21,18,25,17,23,20,24,19,0,27,29,22,28,0,0,0,109,111,119,110,117,0,0,116,0,120,153,159,154,0,147,152,156,155,0,148,0,158,151,36,31,40,39,42,35,32,37,38,0,30,34,33,56,57,58,59,60,61,0,0,0,65,66,67,68,130,127,125,129,126,0,131,133,132,121,122,124,128,43,44,45,46,0,48,49,50,51,52,53,54,0,162,163,169,2,165,0,3,167,0,168,166,1,164,13,7,6,11,12,0,5,9,4,16,10,0,14,79,0,71,0,73,70,0,0,78,69,80,77,76,0,93,89,82,88,83,86,0,84,0,94,90,87
80,0,81,73,76,0,69,0,0,79,71,0,78,0,114,111,110,116,0,113,0,109,0,120,0,112,164,161,168,0,166,163,167,162,0,1,3,165,2,89,92,88,83,85,93,84,0,86,87,90,0,94,127,0,0,124,121,126,130,129,131,122,0,132,125,10,5,14,0,16,9,6,11,12,15,4,8,7,30,31,0,33,34,35,36,37,38,39,40,41,42,0,101,99,103,100,97,105,107,0,95,96,0,102,17,18,19,20,21,22,23,24,25,26,27,28,29,136,137,143,145,139,134,146,141,135,0,140,144,138,156,150,0,154,155,0,148,152,0,159,153,158,157,0,48,45,49,47,44,46,55,52,43,54,51,50,0,67,63,56,62,57,60,59,58,0,68,64,61
145,135,146,138,141,139,134,137,142,144,136,140,143,4,0,7,6,12,14,9,15,0,0,0,11,8,60,0,64,56,62,59,63,58,65,66,68,61,67,154,157,153,148,150,158,149,156,0,0,155,147,159,23,29,24,20,17,22,26,0,27,18,19,28,21,0,70,79,78,0,74,71,76,0,80,0,73,72,0,96,97,98,99,100,0,102,103,104,105,106,107,169,166,164,0,165,162,1,3,2,160,161,163,167,82,83,84,0,86,87,88,0,0,91,92,0,0,32,33,39,41,35,30,42,0,31,38,0,0,0,52,0,45,0,51,47,44,48,43,55,49,54,0,118,113,0,114,112,109,111,0,117,108,0,116,115,130,132,128,121,127,0,125,124,123,0,133,0,126
41,0,42,0,37,35,30,33,0,0,32,36,39,69,75,72,71,77,0,74,80,70,78,81,76,73,125,122,129,121,127,124,128,0,130,131,133,126,132,50,53,49,44,46,54,45,52,0,48,0,43,55,88,94,89,85,82,0,91,90,92,83,84,93,86,140,135,144,143,146,139,136,141,142,0,134,138,137,160,161,162,163,164,0,166,0,168,0,0,2,3,65,62,60,64,0,58,0,68,67,56,57,59,63,147,148,149,0,151,152,0,154,155,156,0,158,159,0,98,104,106,0,95,0,102,96,0,0,0,0,117,111,110,115,116,112,109,0,108,120,114,119,118,14,9,6,10,8,5,7,16,0,0,15,12,11,26,28,24,17,23,18,0,0,19,27,29,25,0
54,44,55,47,50,48,43,46,51,53,45,0,52,0,0,85,84,90,92,87,93,83,91,94,0,0,138,135,142,134,140,137,0,136,143,144,146,0,0,63,66,62,57,59,67,0,0,60,61,64,56,68,101,107,102,98,95,100,104,0,0,0,97,106,99,153,148,157,156,159,152,149,154,155,158,147,151,150,4,5,6,7,8,9,10,11,0,0,0,15,16,78,75,73,77,0,71,79,81,80,0,0,0,76,0,161,162,163,0,165,166,167,168,169,1,0,3,110,111,0,119,0,108,120,115,109,0,0,118,0,130,124,123,128,129,125,122,126,0,133,127,132,131,27,22,0,0,21,18,20,29,26,17,28,25,0,39,41,37,30,36,31,34,0,32,40,42,38,35
0,119,130,122,125,123,118,121,126,128,120,0,127,157,163,160,0,165,167,162,0,158,166,0,164,161,44,41,48,40,46,43,0,42,0,50,52,0,51,138,141,137,0,134,142,0,0,135,136,139,131,143,7,13,8,4,0,6,10,0,11,2,3,12,0,59,54,63,0,65,58,55,60,61,64,0,57,0,79,80,0,0,83,84,0,86,87,88,89,90,91,153,150,148,152,149,0,154,156,155,0,145,147,0,66,0,68,69,70,71,72,73,74,75,76,77,78,16,17,23,25,19,14,0,21,15,22,20,24,0,36,30,29,34,35,0,28,32,27,0,33,38,0,102,97,94,98,96,0,95,104,101,92,0,100,99,114,116,112,105,0,106,109,108,107,0,117,113,0
0,93,104,0,99,0,0,95,100,102,94,98,101,0,137,0,133,139,141,0,0,0,0,143,138,135,18,15,22,0,20,17,0,16,23,24,26,19,0,112,115,111,106,108,116,107,114,0,110,113,105,0,150,156,151,0,144,149,153,0,0,145,146,155,148,33,28,37,36,39,32,29,34,35,0,27,31,30,53,54,0,56,57,58,59,60,61,62,63,64,65,0,124,122,126,123,120,128,0,0,118,0,121,125,40,41,42,43,0,0,46,0,48,49,50,51,52,0,160,166,168,162,157,169,164,158,165,0,0,161,10,4,0,8,9,5,2,0,0,13,7,12,11,76,71,68,72,70,67,69,78,75,66,77,74,73,88,0,0,0,85,80,0,82,81,89,91,87,0
116,106,117,109,112,0,105,108,113,0,0,0,114,144,150,147,146,152,0,149,155,0,153,156,151,148,31,28,35,0,33,30,0,29,36,37,39,32,38,125,0,0,119,121,0,120,127,122,123,126,118,130,0,169,164,160,0,162,166,165,167,158,0,168,0,46,41,0,49,52,45,0,47,48,51,40,44,43,66,67,68,69,0,71,72,73,74,75,76,77,78,0,137,135,139,136,133,141,143,0,131,132,134,138,53,54,55,56,57,58,59,60,61,62,63,0,65,3,4,10,12,6,1,0,8,2,0,7,0,0,23,0,16,21,22,0,15,19,14,26,20,25,24,0,84,81,85,83,80,82,0,88,79,0,0,86,101,103,99,92,98,0,96,0,0,0,104,100,97
90,80,91,83,86,84,79,82,87,89,81,85,88,118,0,121,120,126,128,123,129,119,127,130,125,0,5,2,0,1,0,0,8,3,10,11,13,0,12,99,102,0,93,95,103,94,101,0,97,100,92,104,137,143,0,134,0,136,140,139,141,132,133,142,135,0,15,24,23,26,19,16,21,22,25,0,18,17,40,41,42,43,44,0,46,47,48,49,0,51,52,114,0,109,113,0,107,115,117,116,105,106,108,0,27,28,0,30,0,0,0,34,35,36,37,38,0,146,147,153,155,0,144,156,151,145,152,0,154,148,166,160,159,164,165,161,158,162,157,0,0,168,167,63,58,55,59,57,54,0,65,62,53,64,61,60,75,77,73,0,72,0,70,69,0,76,78,0,71
12,2,13,0,8,0,1,4,9,0,3,0,0,0,0,43,42,48,50,45,0,0,0,52,47,44,96,93,0,92,98,95,99,94,101,102,0,0,103,0,24,0,15,0,25,16,23,18,19,0,14,26,59,65,60,56,53,58,62,61,63,54,55,64,57,111,106,0,0,117,110,0,112,113,116,105,0,108,131,132,133,134,135,0,137,138,139,140,141,142,143,36,33,31,35,32,29,0,39,0,27,28,0,34,0,119,0,0,122,123,124,125,126,127,128,0,130,68,69,75,77,71,66,78,73,67,74,72,76,0,88,0,81,86,87,83,80,84,79,91,85,90,89,0,0,0,150,148,145,147,156,153,144,0,152,151,166,168,164,157,163,0,161,160,159,167,169,165,0
64,54,0,57,60,58,0,56,0,63,55,59,62,92,98,95,94,100,102,97,0,93,101,104,99,96,148,145,152,144,150,147,151,146,153,154,156,0,0,73,76,72,67,0,77,0,75,70,71,74,66,78,0,117,112,108,0,110,114,0,115,106,107,116,109,163,158,167,166,169,162,159,164,165,168,157,161,160,14,15,0,17,18,19,20,21,22,0,0,25,26,0,85,0,87,84,81,0,91,90,0,80,82,86,1,2,3,4,5,0,7,0,0,10,0,12,13,0,0,127,129,123,118,0,0,119,126,0,128,122,140,134,133,138,139,0,0,136,131,143,137,142,141,37,0,29,33,31,0,30,39,36,27,38,35,34,49,51,47,40,46,41,44,43,42,50,52,0,45
51,41,52,44,47,45,40,43,48,50,42,46,49,79,85,82,81,87,89,84,90,80,88,91,86,83,135,132,139,131,0,134,138,133,140,0,143,136,142,60,63,59,54,0,64,0,62,57,58,61,53,0,98,104,99,95,92,97,101,100,102,93,94,103,96,150,145,154,153,156,149,0,151,152,155,144,0,147,1,0,3,4,0,0,7,8,9,0,11,0,13,75,0,0,74,71,68,76,78,77,66,67,69,0,0,158,159,160,161,162,163,0,165,166,167,0,169,0,108,114,116,110,105,117,112,106,113,111,115,109,127,121,120,125,126,122,119,123,0,130,0,129,0,0,19,16,0,18,0,17,26,0,0,25,22,21,36,38,34,27,33,0,31,30,29,37,39,0,32
0,15,26,0,0,19,14,0,22,24,16,20,0,53,59,56,55,61,63,58,64,0,62,0,60,57,109,106,113,0,111,108,112,107,114,0,117,110,116,0,37,33,28,30,38,29,0,0,32,35,27,39,72,78,73,69,66,71,75,74,76,67,0,77,70,124,0,128,127,130,123,120,0,126,129,118,0,121,144,0,146,147,148,149,150,151,152,0,154,155,0,49,0,44,48,45,0,0,52,51,40,41,43,47,0,132,0,0,135,136,137,138,139,140,141,142,0,81,82,88,90,84,79,91,86,80,87,85,89,83,101,95,94,99,0,96,93,97,0,104,98,103,102,167,0,159,163,0,158,160,169,0,157,168,165,164,10,12,0,1,7,2,5,4,3,11,13,9,6
77,0,78,70,73,71,66,69,74,76,68,72,75,105,111,108,0,0,115,110,116,106,0,117,112,0,161,158,0,157,163,160,164,0,166,0,169,162,0,86,89,85,80,82,0,81,88,83,84,87,79,91,0,130,125,121,0,123,127,126,0,119,0,129,122,7,2,0,10,13,6,3,8,9,12,1,5,4,27,28,29,30,31,32,0,34,35,36,0,38,39,101,98,96,100,97,94,102,0,103,92,93,0,0,14,15,16,17,18,19,0,21,22,23,24,25,26,133,0,140,0,136,131,0,138,132,139,137,0,135,153,147,146,151,152,148,145,149,144,156,150,155,0,50,45,42,46,44,41,0,0,49,40,51,48,47,62,64,60,53,59,54,57,56,55,63,0,61,58
155,145,156,148,0,149,0,147,152,154,146,150,0,14,20,17,16,22,24,0,0,15,23,26,21,18,70,67,74,66,0,69,73,0,0,76,78,71,77,164,167,0,158,0,168,159,166,161,0,0,157,169,33,39,34,30,0,0,36,35,37,28,29,38,31,85,80,0,88,91,84,81,86,87,0,0,0,82,105,106,107,108,109,110,111,112,113,114,115,0,117,10,7,5,9,0,0,11,13,12,1,2,4,8,92,93,94,95,0,0,0,99,100,101,102,0,104,0,43,49,51,45,40,52,47,0,48,46,50,44,0,56,55,0,0,57,54,58,53,0,59,64,63,128,123,120,124,122,119,0,130,127,118,129,126,125,140,142,138,131,0,132,0,134,0,141,143,139,136
0,28,39,31,0,0,27,0,35,0,29,33,0,0,72,69,0,74,76,71,77,67,75,78,73,70,122,119,126,118,124,121,125,0,0,128,130,123,0,47,50,46,41,43,0,42,49,44,0,48,40,52,85,91,86,82,79,84,88,87,0,80,81,90,83,137,132,141,140,143,136,133,138,139,142,131,135,134,157,158,159,160,161,0,0,0,0,166,167,168,169,62,59,57,61,58,55,63,0,64,0,54,0,60,144,145,146,0,148,0,150,0,152,153,154,155,156,94,95,101,0,97,92,0,0,93,100,98,102,96,114,108,107,112,113,109,106,110,105,117,0,116,115,11,0,3,7,5,2,4,13,10,1,0,9,8,23,25,21,14,20,15,18,17,16,0,26,22,19
0,0,0,0,0,136,131,134,139,141,133,137,0,1,7,4,3,9,0,6,12,2,0,0,8,0,57,54,0,53,59,56,0,55,62,63,65,58,64,151,154,150,145,147,0,146,153,148,0,152,144,156,20,26,21,17,14,19,23,22,24,15,16,0,0,72,67,0,75,78,0,0,73,0,0,66,70,69,92,93,94,95,96,0,98,99,100,101,0,103,0,166,163,161,165,162,159,167,169,168,157,158,160,164,79,80,81,82,83,84,85,86,87,88,89,90,91,29,30,36,38,32,27,39,34,28,0,33,37,31,49,0,0,47,48,0,41,45,0,52,46,51,50,115,0,0,111,109,0,108,117,114,105,0,113,112,0,0,125,0,124,119,122,121,120,128,0,126,123
168,158,0,161,0,162,157,160,0,167,0,163,166,0,33,30,29,0,0,32,38,28,0,0,34,31,0,80,87,79,0,82,86,0,0,89,91,84,90,8,11,7,2,4,12,3,10,5,6,9,1,13,46,0,47,43,40,45,49,48,50,41,42,51,0,98,93,102,101,0,97,94,99,100,103,92,0,95,118,119,120,121,122,123,124,125,126,127,0,129,0,23,20,18,22,0,16,24,26,25,14,0,17,0,105,106,107,108,109,0,0,0,113,0,115,116,117,55,0,0,64,58,53,65,60,54,61,0,0,57,75,69,68,73,74,70,67,71,66,0,72,0,76,141,136,133,137,0,132,0,143,140,131,142,139,138,153,155,151,0,150,145,0,147,146,0,156,0,149
0,130,141,133,136,134,129,0,137,139,131,135,138,168,5,0,1,7,9,4,10,169,0,11,6,3,55,52,59,51,57,54,58,53,60,61,0,56,0,149,152,148,143,145,153,144,0,146,147,150,142,154,18,24,19,0,12,17,21,20,22,13,0,0,16,70,65,0,73,76,69,66,0,72,75,64,68,67,90,91,92,93,94,95,96,0,0,99,100,0,0,164,0,159,163,160,157,165,167,0,0,156,158,0,0,78,79,0,81,0,83,0,85,86,87,0,89,0,0,0,36,30,25,37,0,0,33,31,35,29,47,41,40,45,46,42,39,43,0,0,44,0,48,113,108,105,109,0,104,106,115,112,0,114,0,110,125,127,123,116,122,117,0,119,118,126,128,124,121
166,156,0,159,0,160,155,0,0,0,0,161,164,25,31,28,0,0,35,30,0,26,34,0,32,29,81,78,85,77,83,80,84,79,86,87,0,82,88,6,9,5,169,2,10,1,8,3,0,7,0,11,44,50,45,41,38,43,47,0,0,39,40,49,0,96,91,100,99,0,0,92,97,0,101,90,94,0,116,117,118,119,120,121,122,123,124,125,126,127,128,0,18,16,20,0,14,22,0,23,12,13,15,19,103,104,0,106,107,0,109,110,111,112,113,0,115,53,54,0,62,0,51,63,0,0,59,57,0,55,73,67,66,71,72,68,65,69,0,0,70,75,74,0,0,131,135,133,130,132,141,138,129,0,137,136,151,153,149,0,148,143,0,145,144,0,154,150,147
75,65,76,68,0,69,64,67,72,74,0,70,73,103,109,106,105,111,113,108,0,104,112,115,110,107,159,0,163,155,161,158,162,0,164,165,167,160,0,84,87,0,0,80,88,79,86,81,82,85,77,0,122,128,123,119,116,121,125,124,0,117,118,0,120,5,169,9,8,0,4,1,6,7,10,168,3,2,25,26,0,0,29,30,0,32,0,34,0,36,37,99,96,94,0,95,92,100,102,101,90,91,93,97,12,13,14,15,16,0,0,19,20,0,22,0,24,131,132,0,140,0,129,141,0,130,137,0,139,133,151,145,0,149,150,146,143,147,142,154,148,153,152,0,43,40,44,42,39,41,50,47,38,49,0,0,0,0,58,0,57,52,0,54,53,61,0,59,56
114,104,115,107,110,0,103,106,111,113,105,109,0,142,0,0,144,150,152,147,153,0,151,154,149,0,0,26,0,25,31,28,32,27,34,35,37,30,0,123,126,0,117,0,127,0,125,120,121,124,0,128,161,167,0,158,155,160,164,163,0,0,157,166,159,0,39,48,47,50,43,40,45,46,0,38,42,41,64,65,66,0,68,69,70,71,72,73,74,0,76,138,0,133,137,134,131,0,141,140,129,130,0,136,51,52,53,0,55,56,57,58,59,60,0,62,63,1,2,0,10,4,168,11,6,169,0,5,9,3,21,15,0,19,20,16,13,17,0,0,0,23,22,87,82,79,83,81,78,0,0,0,77,88,85,84,99,0,97,90,0,91,94,93,0,100,102,98,0
0,52,63,55,0,0,51,54,59,61,0,0,60,0,96,0,0,0,0,95,0,0,0,102,0,94,0,143,150,142,0,145,149,144,151,152,154,147,153,71,74,0,65,67,75,66,0,0,69,0,64,76,0,115,110,106,103,108,112,0,0,104,105,114,0,161,156,165,164,167,160,0,0,163,166,155,159,158,12,13,14,15,16,17,18,19,20,0,22,0,24,0,0,81,85,82,79,87,89,88,77,78,80,84,0,169,1,2,3,4,5,6,7,8,9,10,11,118,0,125,0,121,0,0,123,117,124,122,126,120,138,132,131,136,137,133,130,134,129,141,135,140,139,35,30,27,31,29,26,28,37,34,25,0,33,32,0,49,45,0,44,39,42,41,40,48,50,46,43
23,13,24,0,19,17,0,0,20,22,14,18,21,51,57,54,53,59,61,56,62,52,60,0,0,55,107,104,111,103,109,106,110,105,112,0,115,108,114,32,35,31,26,28,36,27,34,29,30,0,0,0,70,76,71,0,64,69,73,72,0,0,66,75,68,122,117,126,125,128,121,118,123,124,127,116,0,119,142,143,144,145,146,147,148,149,150,151,152,153,0,47,44,42,0,43,40,48,50,0,38,39,41,45,129,130,0,132,133,134,135,136,0,138,0,140,141,79,80,86,88,82,77,89,84,78,0,83,87,0,99,93,92,0,0,94,91,0,0,102,96,0,100,165,160,157,161,159,156,158,167,164,0,166,163,162,8,10,6,168,5,169,0,2,0,0,11,7,4
10,169,11,3,6,0,168,2,7,9,0,0,0,38,44,41,40,46,48,0,49,0,0,50,0,42,94,91,98,90,0,93,97,92,99,0,0,95,101,19,22,18,13,15,23,14,21,16,17,20,12,24,57,63,0,54,51,56,0,59,0,52,53,62,55,109,104,113,112,115,108,105,110,0,114,103,107,106,0,130,131,132,133,134,135,136,137,138,139,0,141,0,31,0,33,30,0,35,37,36,25,26,0,32,0,117,118,119,120,121,122,0,124,0,0,127,128,66,67,73,0,69,64,76,71,0,72,70,0,0,0,80,79,84,0,81,78,0,77,89,83,88,87,152,147,0,148,146,143,145,0,151,142,153,150,149,164,166,162,155,161,0,159,158,157,165,167,163,0
36,26,37,0,32,30,25,28,33,35,27,31,34,0,70,67,66,72,74,69,75,65,0,0,71,68,120,117,124,116,0,119,123,118,125,126,128,121,127,45,0,44,39,41,49,40,0,42,43,46,38,50,83,0,84,80,77,82,0,0,87,78,79,88,81,135,130,0,138,0,134,131,136,137,0,0,133,132,155,0,157,158,159,160,161,162,163,0,165,166,167,60,0,55,0,56,53,61,63,62,51,52,0,58,142,143,144,145,146,147,148,0,150,151,152,0,0,92,93,0,101,95,90,102,0,0,98,0,100,94,112,106,0,0,111,107,104,0,0,115,109,0,0,9,0,1,5,0,169,0,0,0,168,10,7,6,21,23,0,12,18,13,16,0,0,22,24,20,0
127,117,128,0,123,121,116,0,124,0,118,122,0,155,0,158,157,0,165,160,166,0,0,167,162,159,0,39,46,38,44,41,45,40,0,0,50,43,49,136,0,0,0,132,140,131,138,133,0,0,0,141,5,11,6,2,168,4,8,7,0,169,1,10,3,0,52,61,60,63,56,53,58,59,62,51,55,54,77,78,79,80,81,0,83,84,0,86,87,88,0,0,148,146,150,147,144,152,154,153,142,143,145,149,0,0,66,67,68,69,0,0,0,73,74,0,76,14,15,0,23,17,12,24,19,13,20,18,22,16,34,28,0,32,33,29,26,30,25,37,31,36,35,100,95,0,96,94,91,93,102,0,90,101,98,0,112,114,0,103,109,104,107,0,105,113,115,111,108
88,78,0,81,84,82,77,80,0,87,79,83,86,0,122,0,118,0,126,121,127,0,125,128,0,120,3,169,7,168,5,2,0,1,8,0,11,4,10,0,0,96,0,0,0,92,99,94,95,98,90,102,0,141,0,0,0,0,0,137,139,130,131,140,133,18,0,22,0,24,0,0,0,0,0,12,16,15,38,0,40,41,42,43,0,45,0,0,48,49,50,112,0,107,111,108,105,113,115,114,103,104,0,110,25,0,27,28,29,30,31,32,33,34,35,36,37,144,145,151,153,147,142,154,149,0,150,148,152,146,164,158,157,162,163,159,156,0,0,167,0,0,165,61,56,53,57,55,52,54,0,60,51,62,59,58,73,0,71,64,0,65,0,67,66,74,76,72,69
49,39,50,0,0,43,0,41,46,48,0,44,0,0,0,80,79,85,87,0,88,78,86,89,0,0,0,130,137,129,135,132,136,0,138,0,141,134,0,58,61,0,52,54,62,53,0,55,56,59,51,63,96,102,97,0,90,95,0,0,0,0,92,101,0,148,143,152,151,154,147,144,149,150,153,142,146,145,168,169,1,2,3,4,5,6,7,0,9,10,11,73,70,68,72,69,0,74,76,0,64,0,67,71,155,156,157,158,159,160,161,0,0,164,165,166,167,105,106,0,114,108,0,115,0,0,111,109,113,107,0,119,118,0,124,0,117,121,0,0,122,127,126,22,17,14,18,16,13,0,24,0,12,23,20,19,34,36,32,25,31,26,29,28,27,35,37,33,0
101,91,102,94,97,95,0,93,98,100,92,96,99,129,135,132,0,137,0,134,140,130,138,0,136,0,16,13,20,12,18,15,19,14,21,22,24,17,23,110,113,109,104,106,114,105,112,107,108,111,0,115,148,154,0,145,142,147,151,150,152,143,0,153,146,31,26,35,34,37,30,27,32,33,36,0,29,28,51,52,53,54,55,56,57,58,59,60,61,62,63,0,122,120,124,121,0,0,128,0,116,0,0,0,0,39,40,41,42,43,44,45,46,47,48,49,50,157,158,164,166,160,155,167,162,0,163,161,165,0,8,2,0,6,0,3,169,4,168,11,0,10,9,0,69,0,70,68,65,67,76,0,0,0,0,71,86,0,84,77,83,78,81,80,0,87,89,85,0
153,143,0,146,149,147,0,145,0,0,144,148,151,0,0,0,14,20,22,0,23,0,21,24,19,16,0,65,72,0,70,67,71,66,0,74,76,0,75,162,165,161,156,0,166,157,164,159,160,0,0,167,31,37,32,28,25,30,34,33,35,0,27,36,29,83,78,87,0,89,82,79,84,85,88,0,0,80,0,104,105,106,107,108,109,110,111,0,113,0,115,8,5,3,0,4,0,0,11,10,0,169,2,6,90,91,92,0,94,95,96,97,98,99,100,101,102,0,41,47,49,43,38,50,45,39,0,44,48,42,60,54,53,0,59,55,52,0,51,63,57,62,0,126,0,118,122,120,117,119,128,125,116,127,124,0,138,140,0,129,135,0,133,0,131,139,141,137,134
0,103,114,106,0,0,102,0,110,112,104,0,111,141,147,144,143,149,151,146,152,0,150,153,148,145,0,25,32,24,30,0,31,26,33,0,36,29,35,122,125,121,116,118,0,0,0,119,0,123,115,127,0,166,0,157,154,159,163,162,164,155,156,165,158,43,38,47,46,49,42,39,44,45,48,37,41,40,63,64,65,0,67,68,69,70,71,72,73,74,0,137,134,132,136,0,130,138,140,139,128,129,0,135,0,51,52,53,54,55,56,0,0,59,60,61,62,169,1,7,0,3,167,10,5,168,6,4,8,2,20,0,13,18,19,0,12,16,0,23,17,0,21,86,81,78,82,0,77,79,88,0,76,0,0,83,98,100,96,89,95,90,93,92,91,99,101,97,0
9,168,10,0,0,3,0,1,6,8,169,4,7,37,43,40,39,0,0,42,48,38,46,49,44,41,93,90,97,89,0,92,96,91,98,99,101,94,0,18,21,17,12,14,22,13,20,15,0,19,11,23,0,62,57,53,50,55,59,58,0,51,52,61,54,108,103,112,111,0,107,104,0,110,0,102,106,105,128,129,130,131,132,133,134,135,0,137,0,139,140,33,30,0,32,0,26,34,36,35,24,25,0,31,115,116,117,118,119,0,121,0,123,124,125,0,127,65,0,72,74,68,63,0,0,64,71,69,73,67,0,79,78,83,84,80,77,81,0,0,0,87,86,151,146,143,0,145,142,144,153,150,141,152,149,148,163,165,161,154,160,155,0,157,156,164,166,162,159
100,90,101,93,0,94,89,92,97,99,0,95,0,128,134,131,130,136,138,133,0,129,137,0,135,0,15,12,19,11,17,14,18,13,20,21,23,16,22,109,0,0,103,105,113,104,0,106,107,110,102,0,147,153,148,144,141,146,150,149,151,142,0,152,0,0,25,34,0,36,29,26,31,32,35,0,28,0,50,51,52,0,54,55,56,57,58,59,60,61,62,124,0,119,0,0,117,125,127,126,115,116,118,122,0,38,0,40,41,42,0,44,0,46,0,48,49,156,157,163,165,159,154,166,161,155,162,160,164,0,7,1,169,5,6,2,168,0,167,10,4,9,8,73,68,65,69,0,0,66,75,72,63,0,71,70,85,0,83,76,82,77,80,79,78,86,88,84,81
74,64,0,67,70,0,63,66,71,73,65,69,72,0,108,0,0,110,112,107,113,0,0,114,109,0,0,0,162,154,160,0,161,0,163,164,166,159,165,83,86,0,77,0,87,78,85,80,81,84,76,88,121,127,122,0,115,120,124,123,125,116,117,126,119,4,168,8,7,10,3,169,0,0,9,167,2,1,24,25,26,27,28,29,30,31,32,0,0,35,36,98,95,0,97,94,91,0,101,100,89,90,0,96,0,12,13,0,15,16,17,18,19,20,0,22,23,130,131,137,139,133,128,0,135,129,136,134,138,0,150,144,143,148,149,145,142,146,141,153,147,152,151,0,42,39,0,0,38,40,49,46,37,48,45,44,59,61,57,50,56,51,54,0,0,60,62,58,55
87,77,88,80,0,81,76,79,84,86,78,82,85,115,121,118,117,123,125,120,0,0,0,127,122,119,2,168,6,167,4,1,5,169,0,8,0,3,9,96,0,95,0,92,0,91,98,93,94,97,0,101,134,140,135,131,0,133,0,0,138,129,130,139,132,17,0,0,20,23,16,13,18,19,0,0,15,14,37,38,39,0,41,42,43,44,0,0,47,48,49,111,108,106,110,107,104,112,114,0,102,103,105,109,24,25,26,27,0,29,30,31,32,33,34,0,36,0,0,0,152,146,0,153,148,142,149,147,151,145,163,157,156,161,162,158,155,159,154,166,0,0,164,0,55,0,56,54,51,0,62,59,50,61,58,57,72,74,0,63,69,64,0,66,65,73,75,71,68
152,142,153,145,148,146,141,0,0,151,0,147,150,11,17,14,13,19,21,16,0,12,20,0,18,15,0,64,71,63,69,66,70,65,72,73,0,68,0,161,164,160,155,157,165,156,163,158,159,162,154,166,30,36,0,27,24,29,0,32,34,25,26,35,28,0,77,86,85,88,81,78,0,84,87,76,0,79,102,0,104,105,106,107,108,109,110,111,112,113,114,7,0,2,6,0,169,8,10,9,167,168,0,5,89,90,91,92,93,94,95,96,97,98,0,100,101,39,40,0,48,42,37,49,0,38,45,0,47,41,59,53,0,0,58,54,51,55,50,62,56,61,60,125,120,117,121,119,116,118,0,124,115,126,123,0,0,0,135,128,134,0,0,0,130,138,140,136,133
48,0,0,41,44,0,0,40,45,0,39,0,46,76,82,0,78,84,0,81,87,77,85,88,83,80,132,129,136,128,134,131,135,130,0,0,140,133,139,57,60,0,51,53,0,52,59,54,55,58,0,62,0,0,96,92,89,94,98,97,99,90,91,100,0,147,142,151,150,153,146,143,0,0,152,141,145,144,167,168,169,0,2,3,4,0,6,7,8,9,10,72,0,0,71,0,65,73,75,74,63,64,66,70,154,155,0,0,158,159,160,161,162,0,164,165,166,104,105,111,113,0,102,114,109,103,110,108,0,106,124,0,0,0,123,119,116,120,0,127,121,0,125,0,0,13,17,15,12,14,23,20,11,22,19,18,33,0,31,24,30,25,28,27,26,34,36,32,29
35,25,0,0,31,29,0,27,32,34,26,30,33,63,69,66,0,71,73,68,74,64,72,75,70,67,119,116,123,115,121,118,122,117,124,125,0,0,126,44,47,43,38,40,0,39,46,41,42,45,37,49,82,88,83,79,76,81,0,84,86,77,78,87,80,134,0,138,137,0,133,0,135,0,139,128,132,0,154,155,0,157,158,0,160,161,162,0,164,0,166,0,56,54,58,0,0,0,0,61,50,51,53,57,141,142,143,0,0,0,147,148,149,150,151,152,0,91,92,98,100,94,89,101,96,90,97,95,99,93,111,105,104,0,0,0,0,107,102,114,108,0,112,8,0,169,4,0,168,1,10,7,167,9,6,0,0,22,18,11,17,12,15,14,13,21,23,19,16
61,51,62,54,57,55,50,53,58,60,0,56,59,89,95,92,0,97,99,94,100,90,0,101,96,93,145,142,149,0,147,144,148,143,150,151,0,146,152,70,73,69,64,66,74,65,0,67,68,0,63,0,0,114,109,105,102,107,111,110,112,103,104,113,106,0,0,164,163,0,159,156,0,162,165,154,158,157,0,0,13,0,15,16,0,18,0,0,0,22,23,85,82,0,84,81,78,86,0,87,76,77,79,83,167,168,0,1,2,3,4,0,0,7,0,9,10,117,118,124,126,120,0,127,122,0,123,121,0,0,137,131,130,0,136,132,129,133,128,140,134,139,138,34,29,26,30,28,0,27,36,0,24,35,32,0,46,48,44,37,0,38,41,40,39,47,0,0,42
139,129,140,132,135,133,0,131,136,138,0,134,137,167,4,1,169,0,8,3,9,168,7,10,5,2,54,51,58,50,56,53,57,52,59,60,62,55,61,148,151,147,0,0,152,143,150,145,146,149,0,153,17,23,18,14,11,16,0,19,21,12,13,22,15,69,64,73,72,75,68,65,70,71,74,63,67,66,89,90,91,92,93,94,95,96,97,98,99,100,0,163,160,158,162,0,156,164,166,0,154,155,157,0,76,77,78,79,0,81,0,83,84,85,0,87,0,26,0,33,0,0,24,36,31,25,32,30,34,0,0,40,39,44,0,0,38,42,37,0,43,48,47,112,107,104,0,106,103,0,114,0,102,0,110,0,0,126,122,0,121,116,119,0,0,0,127,123,0
165,155,166,158,161,159,154,157,162,0,156,160,0,24,30,0,26,0,34,29,0,25,33,36,31,28,80,77,84,76,0,0,83,0,0,86,88,0,87,5,8,0,168,1,9,169,7,2,3,0,167,0,43,0,44,40,37,42,46,45,47,38,0,48,41,95,90,99,98,101,0,91,96,97,100,89,93,92,115,116,117,118,119,0,0,122,123,124,125,0,127,0,17,15,19,0,13,0,0,22,11,12,14,18,0,103,104,105,106,0,0,109,110,111,0,113,114,52,53,0,61,55,50,62,57,51,0,56,60,54,72,66,65,0,0,0,64,68,63,75,69,74,73,0,0,130,134,132,0,131,140,137,128,139,136,135,0,152,148,141,147,142,145,144,143,151,0,149,146
22,12,0,15,0,16,0,14,19,21,0,17,20,50,0,53,52,58,60,55,61,51,59,62,57,54,106,103,110,102,0,105,109,104,111,0,114,107,113,31,34,30,25,0,35,26,33,0,29,32,24,36,69,0,70,66,63,68,72,71,73,64,65,74,67,121,116,125,124,127,120,117,0,123,126,0,119,0,141,142,143,0,145,0,147,148,0,150,151,152,153,0,43,41,45,42,39,0,49,48,37,38,40,44,128,129,130,131,132,133,134,135,136,137,138,139,140,78,79,0,87,81,76,0,0,77,84,82,86,80,0,92,0,96,97,93,90,94,0,101,95,100,99,164,159,156,160,158,155,157,166,0,154,0,162,161,7,0,5,167,4,0,2,0,169,8,10,0,3
126,116,127,0,122,120,115,0,123,125,0,121,124,154,160,0,156,162,164,0,165,0,163,0,161,158,41,38,45,0,43,0,44,39,46,47,49,42,48,135,138,134,129,131,139,130,137,132,133,0,128,140,4,10,5,1,167,3,7,6,8,168,169,0,2,56,51,60,0,62,55,52,57,0,0,50,0,53,76,77,78,79,80,81,0,83,84,85,0,87,88,150,0,145,149,146,143,151,153,0,141,142,0,148,63,64,0,66,67,68,69,70,0,0,73,74,75,13,0,20,22,16,11,23,18,12,19,17,21,15,33,27,26,31,32,28,25,29,24,36,30,35,0,99,94,91,95,93,0,92,101,98,89,0,97,0,111,0,109,102,108,0,0,105,104,112,114,0,0
104,94,105,97,0,98,0,96,101,103,0,99,0,132,138,135,134,0,142,137,143,133,141,0,139,136,19,16,23,15,21,18,22,17,24,25,27,0,26,113,116,112,0,109,117,108,115,110,111,114,106,0,151,157,152,148,145,150,154,153,155,146,147,156,149,34,0,0,37,40,0,30,0,36,39,28,32,0,54,55,56,57,58,59,60,61,62,63,64,65,66,128,125,123,127,124,0,129,0,130,119,0,122,126,41,42,43,44,0,46,47,48,49,50,51,52,53,160,161,0,169,163,0,1,165,0,0,164,168,162,11,5,0,9,0,6,3,7,2,0,8,13,12,0,72,69,73,71,68,70,79,76,67,0,75,74,0,91,87,0,86,81,84,83,82,0,0,88,85
0,55,66,58,61,59,0,0,62,64,56,60,63,93,99,0,95,101,103,0,104,94,102,105,100,0,149,146,153,145,151,0,0,147,154,155,0,150,156,74,77,73,68,70,0,0,76,71,72,75,67,79,112,118,113,0,106,111,115,114,116,107,108,117,110,164,159,168,167,0,163,160,165,0,169,158,0,161,15,16,17,18,19,0,21,0,23,24,25,26,27,89,86,84,88,85,82,0,92,91,0,81,83,87,2,0,4,5,6,0,8,9,10,11,12,13,0,121,122,0,130,124,119,0,126,0,127,125,129,123,141,135,0,139,140,136,133,137,132,144,0,143,142,0,0,30,34,0,29,31,0,37,0,39,36,35,0,52,48,0,47,0,45,44,0,0,53,49,46
26,16,27,19,0,20,15,18,23,25,0,21,24,54,60,57,0,62,64,59,65,55,63,66,61,58,110,107,0,106,112,109,0,0,115,0,118,111,117,35,38,0,29,31,0,0,0,0,33,0,28,40,0,79,74,0,67,72,76,75,77,68,69,78,71,0,120,129,0,131,124,121,0,127,130,119,123,122,145,0,147,148,149,150,151,152,153,154,0,156,157,0,47,0,49,46,43,51,0,52,41,42,44,48,132,133,134,135,0,137,138,139,0,141,142,143,144,82,83,89,91,0,80,92,87,81,88,0,90,84,0,96,95,100,101,97,94,98,93,0,99,0,103,0,163,160,164,0,0,161,1,167,158,169,166,165,11,13,9,2,8,0,6,5,4,0,14,10,7
91,81,92,84,87,85,0,83,88,0,82,86,89,119,125,122,121,0,129,124,0,120,128,131,126,123,6,0,0,2,8,5,9,0,0,0,14,0,13,100,0,0,94,0,104,95,102,97,98,101,93,105,138,144,139,0,132,137,141,140,142,133,134,0,136,0,16,25,24,27,20,17,0,0,26,0,19,18,41,0,0,44,45,46,47,48,0,50,51,0,0,115,0,110,114,111,108,116,118,0,106,107,109,0,0,0,30,31,32,33,34,35,36,0,38,0,40,147,148,154,156,150,145,157,152,146,153,151,0,0,167,161,0,165,166,162,159,163,158,1,164,0,168,64,0,0,0,58,0,57,66,63,54,65,62,61,76,78,0,67,0,68,71,70,69,77,79,75,72
117,107,118,110,113,111,0,0,114,116,108,112,115,0,151,148,147,153,155,150,156,146,154,157,152,149,32,29,36,0,34,0,35,30,37,38,40,33,39,126,129,125,0,122,0,121,128,123,124,127,119,131,164,1,165,161,0,0,0,166,168,159,160,169,162,47,42,51,0,53,46,0,48,49,0,41,45,44,67,68,69,70,71,72,73,74,0,76,77,78,79,141,138,136,140,0,0,142,0,143,132,133,0,0,0,55,56,57,58,59,60,0,62,63,64,65,0,4,0,11,0,7,2,14,0,3,10,8,12,6,0,18,17,22,23,19,16,20,0,27,21,26,25,90,85,82,86,84,0,83,92,89,0,91,0,0,102,104,0,0,99,94,97,96,95,0,105,101,98
169,159,1,0,0,163,158,161,0,0,160,164,167,0,34,0,0,0,38,0,39,29,37,40,35,32,84,81,0,80,86,83,0,0,89,90,0,0,91,9,12,8,0,5,13,0,11,6,7,10,2,0,47,53,48,44,0,46,50,0,51,42,43,52,45,99,0,103,102,105,98,95,0,101,104,0,97,96,0,120,121,122,123,124,125,126,127,128,129,130,131,24,21,19,23,20,17,25,27,0,15,16,18,22,106,0,108,0,110,111,112,0,114,115,116,0,118,0,57,0,0,59,54,66,0,0,62,60,64,58,76,70,69,74,0,71,68,72,67,79,0,78,0,142,137,134,0,136,133,135,144,141,132,143,140,139,154,156,152,145,0,146,149,148,147,155,157,153,150
143,133,144,136,139,137,132,135,140,142,134,138,141,2,8,5,4,10,12,0,13,3,11,0,9,6,58,55,62,54,60,0,61,56,63,64,0,59,65,152,155,151,146,0,156,0,154,149,150,153,145,157,21,27,22,18,15,20,24,23,0,16,17,26,19,73,68,77,76,79,72,0,74,75,0,67,71,0,93,94,0,96,97,0,99,100,101,0,103,104,105,167,0,0,166,163,160,168,1,169,158,159,161,165,80,81,82,83,84,85,0,87,88,89,90,91,92,0,31,37,39,33,0,40,0,29,0,34,38,32,50,0,43,48,49,45,42,46,41,53,47,0,0,116,111,108,112,110,107,109,118,115,106,117,114,0,128,130,126,119,125,120,0,122,0,0,0,127,0
0,0,14,6,9,7,2,0,10,12,0,8,11,0,0,44,43,49,0,46,0,42,50,53,0,45,97,94,101,93,0,96,0,95,102,0,105,98,104,22,25,21,16,18,26,17,24,19,20,23,15,27,0,66,61,57,54,59,63,62,64,55,56,65,58,112,107,116,115,118,111,0,113,114,117,106,0,109,132,133,134,135,136,0,138,0,140,141,0,0,144,37,34,0,36,33,30,38,40,39,28,0,31,35,0,120,121,0,123,124,125,126,127,128,0,130,131,69,70,0,78,0,0,79,74,68,75,73,77,0,89,83,82,87,0,84,81,85,80,0,86,91,0,155,150,147,151,149,0,148,157,154,145,156,153,152,167,169,0,158,164,159,162,161,160,168,1,0,0
39,29,40,32,35,0,28,31,36,38,30,0,37,0,0,70,0,75,77,72,78,68,76,79,74,0,123,120,127,119,0,122,126,0,0,129,131,124,130,48,51,47,42,0,52,43,50,45,46,0,41,53,86,92,87,83,80,85,89,88,90,81,82,91,84,138,133,142,141,144,137,134,0,140,0,0,136,135,158,159,160,161,162,163,164,165,166,167,0,169,1,0,60,58,62,59,56,0,66,65,54,0,0,61,145,146,147,148,149,150,151,152,153,154,155,156,0,95,96,102,104,98,0,105,100,94,101,0,0,97,115,109,108,0,0,110,0,0,106,0,0,0,116,12,7,4,8,6,3,5,14,11,2,13,10,9,24,26,22,0,21,16,19,18,17,25,27,23,20
52,42,53,45,48,46,41,44,49,51,43,0,0,80,86,83,82,88,90,85,0,81,89,92,87,84,136,133,140,0,138,135,139,134,0,142,0,0,143,61,64,60,0,57,65,56,63,58,59,0,54,66,99,0,100,96,93,0,102,101,103,94,95,0,97,151,146,155,154,157,150,147,152,153,156,0,149,148,2,3,4,5,6,7,8,9,10,11,12,13,14,76,73,71,75,72,69,0,79,78,67,68,70,74,158,0,160,161,162,163,164,0,166,167,168,0,1,0,109,115,117,0,106,0,0,107,114,112,0,110,128,0,121,0,127,123,120,124,119,0,125,0,129,25,0,0,21,0,0,18,27,24,0,26,0,22,37,39,35,28,34,0,32,0,0,38,0,36,33
130,120,0,123,126,124,0,122,127,129,121,125,128,158,164,161,160,166,168,0,169,159,167,1,165,162,0,42,49,41,47,44,48,43,50,51,53,46,52,139,0,0,133,0,143,134,141,136,137,140,132,144,8,14,9,0,2,7,11,10,12,3,4,13,6,60,0,64,63,66,59,56,61,62,65,54,0,57,80,81,82,83,84,0,86,0,88,89,90,91,92,0,151,0,153,150,147,155,157,0,145,0,148,152,67,68,69,70,0,0,0,0,75,76,77,78,0,17,18,24,26,20,0,27,0,16,23,0,25,0,37,0,0,0,0,32,29,33,28,40,34,39,38,103,98,0,99,0,94,96,0,0,93,0,101,100,115,0,113,106,0,107,110,109,108,116,118,114,111
156,146,157,149,0,150,145,0,153,155,147,0,154,15,21,18,0,23,25,0,26,16,24,27,22,19,71,68,75,67,73,70,0,69,76,77,79,72,0,165,0,164,159,0,169,160,167,0,163,0,158,1,34,0,0,31,28,33,0,0,38,29,30,39,32,86,0,90,89,0,85,82,87,88,91,80,84,83,0,107,108,109,110,111,112,113,114,115,0,0,118,11,8,6,10,7,0,12,14,13,2,3,5,9,93,94,95,0,0,98,99,100,0,102,103,104,105,0,0,0,52,46,41,53,48,42,49,47,51,45,63,57,56,0,62,58,55,0,54,66,60,65,64,129,124,121,0,123,0,122,131,128,119,130,127,126,141,0,139,132,138,133,136,135,134,0,144,140,137
78,68,79,71,74,72,67,70,75,77,69,0,76,106,112,0,108,114,116,0,0,107,115,118,113,110,162,0,166,158,164,161,165,160,167,168,1,0,0,87,90,86,81,83,91,82,89,84,85,88,80,92,125,131,126,0,119,124,128,0,129,120,121,130,123,8,3,12,11,0,0,0,0,0,13,2,6,5,28,29,30,31,32,33,34,35,0,0,38,0,0,102,99,97,101,98,0,103,105,104,93,94,96,0,15,16,17,18,19,20,21,22,23,24,25,26,27,134,135,141,143,137,0,0,139,0,140,138,142,136,154,148,147,152,153,149,146,150,145,157,151,156,0,0,0,43,47,45,42,44,53,50,41,52,49,48,63,65,61,54,60,55,0,57,0,64,66,62,59
120,110,0,113,116,114,0,112,117,119,111,115,118,148,154,151,150,156,158,153,0,149,0,160,0,152,35,32,39,31,37,34,0,33,40,0,43,36,42,0,132,128,123,125,133,124,131,126,127,0,0,134,167,4,168,164,0,166,1,169,2,162,163,3,165,50,45,54,53,56,0,46,0,52,55,0,48,47,70,0,72,73,74,75,76,77,78,79,0,81,82,144,141,139,143,140,137,0,0,146,0,136,0,142,0,58,59,60,61,62,63,64,65,66,67,68,69,7,8,0,16,10,5,17,0,6,0,0,15,9,27,21,20,25,26,22,19,23,18,30,24,29,28,93,88,0,0,87,84,86,95,92,83,94,91,0,105,107,0,0,0,97,100,99,0,106,108,104,0
81,71,0,74,77,75,0,0,0,80,0,76,79,109,115,112,111,117,119,114,0,110,118,121,116,0,165,162,169,161,167,0,0,0,1,2,4,166,3,90,93,89,84,86,94,85,0,87,88,0,0,95,128,134,129,0,122,127,131,0,132,123,0,133,126,11,6,15,0,17,10,0,12,13,16,5,9,8,31,32,0,0,35,36,37,38,39,40,41,42,43,105,102,100,104,0,98,106,108,107,0,0,99,103,18,19,20,21,22,23,24,25,26,27,28,29,30,137,0,144,0,140,135,147,142,136,143,141,145,139,157,151,150,155,156,152,149,0,0,160,0,159,158,54,49,46,0,48,0,47,0,53,44,55,52,51,66,68,64,0,63,58,0,60,59,67,69,65,62
107,97,108,100,103,101,96,99,104,0,98,102,0,0,141,138,0,143,145,140,146,136,0,147,142,139,22,19,26,0,0,21,25,20,27,28,30,23,29,116,0,0,110,112,120,0,0,113,114,117,109,121,0,160,0,151,148,0,157,0,158,0,150,0,152,37,32,41,40,43,36,0,0,39,42,31,35,34,0,58,59,60,61,62,63,64,65,66,67,68,69,131,128,126,130,127,124,0,134,133,122,123,125,129,44,0,46,47,0,49,50,51,52,53,54,0,56,163,0,1,3,0,161,4,168,162,169,167,0,165,14,8,7,12,0,9,0,0,5,17,11,0,15,0,75,72,0,74,71,73,82,79,70,0,78,77,92,94,90,83,0,84,87,0,0,93,95,91,88
16,0,0,9,0,10,5,8,0,0,7,11,14,0,50,0,46,52,54,0,55,0,53,0,51,48,0,0,104,96,102,99,103,0,0,106,108,101,107,25,28,0,19,21,29,20,27,0,23,26,18,0,63,69,64,0,57,0,66,0,67,58,59,68,61,115,110,0,118,121,114,111,0,117,120,0,113,112,135,136,137,138,139,140,141,142,143,144,145,146,147,40,37,35,39,36,0,41,43,42,0,32,34,38,122,0,124,125,126,127,0,0,130,131,0,133,134,72,73,79,81,75,70,82,77,71,78,76,80,74,0,86,0,0,0,87,0,88,83,95,89,94,93,158,153,150,0,152,0,151,160,157,148,159,0,0,1,3,168,161,167,162,0,164,0,2,4,169,166
94,84,95,0,90,0,0,0,91,0,85,89,0,122,128,125,124,0,0,127,0,123,0,134,129,126,9,6,13,5,11,8,12,7,0,15,17,10,16,0,106,102,97,99,107,0,105,100,101,0,96,108,141,147,142,138,0,140,144,143,0,136,137,146,139,0,0,28,0,30,23,20,25,26,29,18,22,21,44,0,46,47,48,49,0,51,52,53,54,55,56,118,115,113,117,114,111,119,121,120,109,0,0,116,31,32,33,34,35,36,37,0,39,40,41,42,43,150,0,157,159,153,148,160,0,0,156,154,158,152,1,164,163,168,169,0,0,0,161,4,167,3,2,67,62,59,0,61,58,0,69,66,57,0,0,0,0,81,0,70,0,71,74,73,72,80,82,78,75
133,123,0,126,0,127,122,125,0,132,124,128,0,0,167,164,0,169,2,0,3,0,1,4,168,165,0,45,52,0,50,0,0,46,53,54,56,49,55,142,145,0,136,0,146,137,0,139,140,143,135,0,0,0,12,8,5,10,0,13,15,6,0,16,9,0,58,67,66,69,0,59,64,0,68,57,61,60,83,84,85,86,87,0,89,90,0,92,0,94,95,157,154,152,156,153,150,158,160,159,148,0,0,155,70,71,72,73,74,75,76,77,0,0,80,81,82,20,0,27,29,23,0,0,0,19,26,24,28,22,40,34,33,38,39,35,32,36,31,0,37,42,41,106,101,98,102,100,0,99,108,105,96,107,104,103,118,0,116,109,115,110,113,112,111,0,121,117,0
55,45,56,48,51,49,44,47,52,0,46,50,53,83,89,86,85,91,0,0,94,84,92,95,90,87,139,0,0,135,141,138,142,137,0,145,147,0,0,64,67,63,58,60,68,59,66,0,62,0,57,69,102,108,0,0,96,101,105,104,106,0,98,107,0,0,0,158,157,160,153,150,155,0,0,148,152,0,5,6,7,8,9,10,11,12,13,14,15,16,17,79,76,74,0,0,0,80,82,0,70,71,73,77,161,0,0,164,165,166,167,168,169,1,2,3,4,111,112,118,120,114,0,121,0,110,0,115,119,113,0,125,0,129,130,126,123,0,122,134,128,133,132,28,23,0,24,22,19,21,30,27,18,0,26,25,40,0,0,31,0,0,35,34,33,41,43,39,36
3,0,4,165,0,166,161,164,169,2,163,167,1,31,0,34,33,39,41,0,42,0,0,0,38,35,0,84,91,83,89,0,90,85,92,93,0,88,94,12,15,11,6,0,16,7,14,9,10,13,5,17,50,56,51,0,44,49,53,52,54,0,46,55,48,102,97,0,105,0,101,98,103,104,107,96,0,99,122,123,124,125,126,127,128,0,130,131,132,133,134,27,24,22,26,0,0,28,30,29,18,19,21,25,109,0,111,112,113,114,115,116,0,118,119,120,121,59,0,0,68,62,0,69,0,58,65,63,67,61,79,73,72,0,78,0,71,0,70,82,76,0,80,145,140,137,141,139,136,138,147,144,135,0,143,142,157,159,155,0,154,149,152,151,150,158,160,0,0
0,149,160,152,155,153,148,151,156,158,0,154,0,18,24,21,20,26,28,23,29,19,27,30,0,22,74,0,78,70,76,73,0,72,79,80,82,75,81,168,2,167,162,164,3,163,1,165,166,0,161,4,37,43,38,34,31,36,40,39,41,32,0,42,35,0,84,93,0,95,88,85,90,91,94,83,87,0,109,110,111,112,113,114,115,116,117,118,119,120,121,0,11,0,13,10,7,15,17,16,5,0,8,12,96,0,98,99,0,101,102,103,104,105,106,107,108,46,47,53,55,49,44,56,51,45,52,50,0,0,66,60,59,64,65,61,58,62,57,0,0,68,67,132,127,124,128,126,123,0,134,131,0,0,130,0,144,146,142,135,141,0,0,138,0,0,147,0,140
0,58,69,61,64,62,57,60,0,67,59,63,66,96,102,99,0,104,106,101,107,97,0,108,103,0,152,149,156,148,154,151,155,150,157,158,0,153,159,77,80,0,0,73,81,72,0,74,75,78,0,0,115,121,116,0,109,0,118,117,0,110,111,120,113,167,162,2,1,4,166,163,168,169,3,161,165,164,0,19,20,21,22,23,24,0,0,0,28,29,0,92,89,87,91,88,85,93,95,94,83,84,86,90,5,0,7,0,9,0,11,0,13,0,15,16,17,124,125,131,133,127,122,134,129,123,0,128,132,126,144,138,0,142,143,139,136,0,135,0,0,146,145,41,36,33,0,0,0,34,43,0,31,0,39,38,53,0,51,44,50,45,0,47,46,54,0,52,49
146,136,147,139,0,0,0,0,143,145,137,0,144,5,0,0,7,13,15,10,16,6,14,17,0,9,61,0,0,57,0,60,0,59,66,67,69,62,68,155,158,154,0,151,159,150,0,152,153,156,148,0,24,30,25,21,18,0,27,26,28,0,20,0,22,76,71,0,0,82,75,72,77,0,81,70,74,73,96,0,98,99,0,101,102,103,104,105,106,107,108,1,167,165,169,166,163,2,4,3,161,0,164,168,83,84,85,86,87,0,89,90,91,92,93,94,95,33,34,40,42,36,0,0,38,32,39,37,41,35,53,47,0,51,52,48,45,49,44,56,0,55,0,119,114,0,115,0,110,112,121,118,109,120,0,116,131,133,0,122,0,123,126,0,124,132,0,0,127
29,19,30,22,0,23,18,21,26,28,20,0,27,57,63,60,0,65,67,62,68,58,0,69,64,61,113,110,117,109,115,112,116,111,118,119,121,114,120,38,41,37,32,34,0,33,0,35,0,39,0,43,0,82,0,73,70,75,0,78,80,0,72,81,0,128,123,132,0,134,127,124,129,130,133,122,0,125,148,149,150,151,152,153,154,155,156,157,158,0,0,53,50,48,52,49,46,54,56,55,44,45,47,51,135,136,137,0,139,0,141,142,0,144,145,146,147,85,86,92,0,88,83,95,90,84,91,0,93,87,105,0,98,103,0,0,97,0,96,108,102,107,106,0,0,163,167,165,162,164,4,1,0,0,0,0,14,16,12,5,0,6,0,8,0,15,17,13,10
42,32,43,35,38,36,31,34,0,41,33,37,40,70,76,73,72,78,80,0,0,71,0,82,77,0,126,123,130,0,128,125,129,124,131,132,0,127,133,51,54,50,0,47,55,0,53,48,49,52,44,0,89,95,90,86,0,88,92,91,93,84,85,94,87,141,0,145,144,147,140,137,0,0,146,135,0,138,161,162,163,164,165,166,167,0,0,1,2,3,4,66,0,61,65,62,59,67,69,68,57,58,60,64,148,149,150,0,152,153,0,155,156,157,158,159,160,98,99,105,107,101,96,108,0,97,104,0,106,100,118,112,0,116,117,113,110,0,109,0,115,120,119,15,10,7,0,9,6,8,17,14,5,16,13,12,27,29,25,18,24,19,22,0,20,28,30,0,23
33,23,34,26,29,27,22,25,0,0,24,0,31,61,67,0,63,69,71,66,72,62,70,73,68,65,117,114,0,113,119,116,120,0,0,123,0,118,124,42,45,41,36,38,46,37,44,0,40,0,35,47,80,86,81,77,74,79,83,82,84,75,0,85,0,132,127,136,0,0,131,128,133,134,137,126,130,129,152,153,154,155,156,157,158,0,160,161,162,163,164,57,54,52,0,0,0,58,0,59,48,0,51,0,139,140,141,142,143,144,145,146,147,148,149,0,151,89,90,96,98,92,87,99,94,88,95,93,97,91,109,0,102,107,108,104,101,105,100,112,106,111,110,6,1,167,2,0,166,0,8,0,165,0,4,0,18,0,16,0,15,10,13,12,11,19,21,17,14
20,10,21,13,0,14,0,12,17,19,11,0,0,0,54,0,50,56,58,0,59,0,57,60,55,52,0,101,0,100,0,103,107,102,0,110,0,105,111,29,0,0,23,25,0,24,31,0,27,30,22,0,0,73,0,64,0,66,0,69,0,0,63,72,65,119,114,123,122,125,118,115,0,121,124,113,0,116,139,140,0,142,143,144,145,146,147,148,149,150,151,44,41,39,43,40,37,45,47,46,0,0,0,42,126,127,128,129,130,131,132,0,134,0,0,137,138,76,77,83,0,79,74,0,81,0,82,80,84,78,96,0,89,94,95,91,0,92,87,99,0,0,97,162,157,154,158,156,153,0,164,161,152,163,0,159,5,7,3,165,2,166,0,168,167,0,8,0,1
0,166,0,0,3,1,0,168,4,0,0,2,0,35,41,38,37,43,45,40,46,36,44,0,0,39,0,88,95,0,93,90,0,89,0,0,99,92,98,16,19,15,10,12,20,0,18,13,14,17,9,21,54,60,55,0,48,0,57,56,58,49,50,0,52,0,101,110,109,112,105,102,0,0,111,100,104,0,126,127,128,0,130,131,132,133,134,0,0,137,0,0,28,26,30,27,0,32,34,33,22,0,25,29,0,114,115,116,117,118,119,120,121,122,123,124,0,63,64,70,72,66,61,73,0,62,69,0,71,65,83,77,76,81,82,78,75,79,74,0,80,85,84,149,0,141,145,143,0,142,0,148,139,150,0,146,0,163,159,152,158,0,0,155,0,162,164,160,157
163,153,164,0,159,157,0,155,160,162,154,158,161,22,28,25,24,30,32,0,33,23,0,34,29,26,78,0,82,74,80,77,81,76,0,0,0,79,0,3,6,0,166,168,7,167,5,169,0,0,165,8,41,47,0,0,35,40,44,43,0,36,37,46,39,93,88,97,96,99,0,89,94,95,98,0,91,90,0,114,115,116,117,0,119,120,121,122,123,124,125,18,15,13,0,14,11,19,0,20,0,10,12,16,100,101,102,103,104,105,106,107,108,109,110,111,112,50,51,57,59,53,48,60,0,49,56,0,58,52,70,64,63,68,69,0,62,66,61,73,0,72,0,136,131,128,0,130,127,0,138,0,126,137,134,133,148,150,146,0,145,140,143,0,141,149,151,147,144
150,140,151,143,146,0,139,142,147,149,141,145,148,0,0,0,11,0,0,14,0,0,18,0,0,13,0,0,69,61,67,64,68,63,70,0,73,0,72,0,162,158,0,155,163,154,161,156,157,160,152,164,28,0,29,25,22,0,31,0,32,23,24,33,26,80,75,84,83,86,79,76,81,82,85,74,78,77,100,101,102,103,104,105,106,107,0,109,110,111,112,5,2,169,4,1,167,6,8,7,165,166,168,0,87,88,89,90,91,92,93,94,95,96,97,98,0,37,38,44,46,40,0,47,42,36,43,41,45,39,57,0,0,55,0,52,49,53,48,60,0,59,58,0,0,115,119,117,114,116,125,0,113,124,0,120,0,137,133,0,132,127,0,0,128,136,138,134,131
137,127,138,130,0,0,0,129,134,136,128,0,135,165,2,0,0,4,0,1,7,166,5,0,3,169,52,49,56,0,54,51,55,50,57,58,60,53,0,146,149,145,140,142,150,141,148,143,0,147,139,151,15,21,16,12,9,14,18,17,19,10,11,20,0,67,62,71,70,73,0,63,68,69,72,61,65,64,0,88,89,0,0,0,93,94,95,96,0,98,99,161,158,156,160,157,154,162,164,163,152,153,155,159,74,75,76,77,78,79,80,81,82,83,84,85,86,24,0,31,33,27,0,34,29,23,30,28,32,0,44,38,37,42,0,39,36,40,0,47,0,0,45,110,105,102,106,104,101,103,112,0,100,111,108,0,0,124,120,0,119,114,0,116,0,0,125,121,118
124,114,0,117,120,118,0,116,0,123,115,119,122,152,0,155,0,160,162,0,0,0,161,164,159,0,39,36,43,35,41,38,42,37,44,0,47,40,46,133,136,132,127,129,137,128,135,130,131,134,126,0,2,8,3,0,165,1,5,4,0,166,0,7,169,54,49,58,57,60,53,50,0,56,59,0,52,51,74,75,76,77,78,79,0,81,82,83,84,85,86,148,145,143,147,144,141,0,151,0,139,140,142,0,61,0,0,64,65,66,67,68,69,70,71,72,73,11,12,18,20,14,0,21,16,10,0,15,19,0,31,25,24,29,30,0,23,27,22,34,0,33,32,97,0,89,93,91,88,90,99,0,87,98,95,94,109,111,0,0,106,101,104,103,102,110,0,108,105
111,101,0,104,0,105,100,103,0,110,102,106,0,139,145,142,141,147,149,144,0,140,148,151,146,0,26,23,30,22,0,25,0,24,31,32,34,27,33,120,123,119,114,116,124,0,122,117,118,121,113,125,0,0,159,155,152,157,0,0,0,153,0,163,156,0,36,45,44,47,40,0,42,43,46,35,39,38,61,0,0,64,0,66,67,68,0,70,71,72,73,135,132,130,134,131,0,136,0,137,0,127,0,0,48,49,50,0,52,53,54,55,56,57,58,59,0,167,168,5,7,1,165,8,3,166,4,2,6,169,18,12,0,0,0,0,10,14,9,21,0,0,19,0,79,76,80,78,0,77,0,83,74,85,82,81,96,98,94,87,93,88,0,90,89,97,99,95,92
98,88,99,91,94,92,87,90,95,97,89,93,0,126,132,129,128,134,136,131,0,127,135,138,133,130,13,10,17,9,0,0,16,11,0,19,21,14,20,0,110,106,101,103,111,102,109,104,105,108,100,112,145,0,0,142,139,144,148,147,149,140,0,0,143,28,23,32,31,34,27,24,29,0,33,22,26,25,0,49,50,0,52,0,54,55,56,57,58,59,0,122,119,117,0,118,115,0,125,124,113,114,116,120,35,36,37,38,39,40,41,0,43,44,0,46,47,154,155,0,0,157,152,164,159,0,0,158,162,156,5,168,167,0,4,169,166,1,165,8,2,7,6,71,66,63,67,65,0,64,73,70,61,72,0,0,83,85,81,74,80,75,0,77,76,0,0,82,79
85,75,86,0,0,79,0,77,82,0,76,80,83,113,119,116,115,121,123,118,124,114,0,0,120,117,0,166,4,165,2,168,3,167,0,6,8,1,7,94,97,0,0,0,98,89,96,0,0,95,87,99,132,0,133,129,126,0,0,134,136,127,128,137,130,0,10,19,18,21,14,11,16,17,20,9,13,12,35,36,37,0,39,40,0,42,43,44,45,46,0,0,106,0,108,105,0,0,112,0,100,0,103,107,22,23,0,25,0,0,0,29,30,0,32,33,34,141,142,148,0,144,0,151,146,0,147,145,149,143,161,0,154,0,160,156,153,157,152,164,158,163,162,0,53,50,54,0,49,51,60,0,0,0,0,55,70,72,68,0,67,0,65,64,63,0,73,69,66
72,62,73,0,68,66,61,64,69,71,63,0,70,100,0,0,102,108,110,105,111,101,0,112,0,104,156,0,160,152,158,155,159,154,161,162,164,0,163,0,84,80,75,0,85,76,83,0,0,0,74,0,119,125,120,0,113,118,122,121,123,114,115,124,117,0,0,0,5,8,1,167,3,4,7,165,169,168,22,23,24,25,0,27,28,29,30,31,32,0,34,96,93,91,95,92,89,97,99,98,87,88,0,94,9,0,11,12,13,0,0,16,17,18,19,20,21,128,129,0,137,0,126,138,133,127,134,132,136,130,148,142,0,146,147,143,140,144,139,151,145,150,149,45,40,37,41,39,36,38,47,44,35,46,0,42,57,59,55,48,0,49,52,51,50,58,60,56,53
0,0,60,0,0,53,0,51,0,58,50,54,0,87,93,90,0,95,97,92,98,88,96,99,94,91,143,140,147,139,145,142,146,0,148,149,151,144,150,68,71,67,0,64,0,63,70,65,66,69,61,73,106,112,107,103,100,105,0,108,110,0,102,111,104,158,153,162,161,164,157,154,159,0,163,152,156,155,9,10,11,12,13,14,15,16,17,0,19,20,21,83,80,78,0,79,76,84,86,85,74,0,77,81,165,0,167,168,169,1,2,0,4,5,6,7,0,115,0,0,0,118,113,125,120,0,121,119,123,0,135,129,0,0,134,130,0,131,126,138,132,137,0,32,0,24,28,26,0,25,34,31,0,0,30,29,44,46,42,35,41,0,39,38,37,45,47,0,40
46,36,0,0,42,40,35,38,43,0,37,41,0,0,80,77,76,82,84,0,0,75,83,86,81,0,0,127,134,126,132,0,133,128,0,136,138,131,0,55,58,54,49,51,59,50,57,0,53,56,0,60,0,99,94,90,87,0,96,95,0,0,89,98,91,145,140,149,148,151,0,0,0,147,0,139,0,142,0,166,0,168,169,0,2,3,4,5,6,7,8,70,67,65,69,66,0,71,73,72,61,0,64,0,0,153,154,155,0,157,158,159,160,161,162,0,164,102,0,109,111,105,100,112,107,101,108,106,110,104,122,116,115,120,121,117,114,118,113,125,119,124,0,19,14,11,0,13,10,12,21,0,9,20,17,0,31,33,29,22,28,23,26,25,24,32,0,0,27
