6,0,0,10,5,0,8,0,0,12,0,21,26,24,25,0,17,19,20,22,23,18,89,92,0,0,82,83,91,87,88,84,90,111,0,108,112,113,109,0,114,110,106,104,99,101,103,98,95,0,93,94,97,102,100,46,45,47,42,43,40,0,39,48,41,38,65,62,60,70,0,61,0,0,66,69,68,29,34,27,32,0,31,0,35,36,37,28,0,56,58,53,54,51,57,55,50,52,59,118,120,1,0,0,121,0,0,117,0,119,74,77,79,78,71,80,0,72,0,75,81
28,0,33,32,27,35,0,36,37,34,29,43,48,46,0,38,0,41,42,44,45,0,0,114,107,108,104,105,113,109,110,0,0,0,6,9,0,14,0,8,15,0,7,5,0,0,4,120,117,0,115,116,119,3,1,68,67,0,64,65,62,66,61,0,63,60,0,84,82,92,85,83,89,86,88,91,90,51,0,49,54,55,53,52,57,58,0,50,71,0,0,0,0,73,79,77,72,74,0,19,21,23,17,26,22,24,0,18,16,20,96,99,101,0,93,0,95,94,98,97,103
83,86,88,87,0,90,85,91,92,89,84,98,103,101,102,0,94,96,97,0,100,0,45,0,41,42,38,0,0,0,44,0,46,67,61,64,68,69,65,63,70,66,0,60,55,57,59,54,51,0,49,0,53,58,56,2,0,0,119,120,117,121,0,4,118,0,21,0,16,0,0,17,23,20,22,25,24,106,111,104,0,110,0,107,112,113,114,105,5,0,0,9,10,7,13,11,0,8,15,0,76,78,72,81,77,0,80,0,71,75,30,0,0,0,0,36,29,28,32,31,37
39,0,44,0,0,0,41,47,48,0,40,54,59,57,58,49,50,52,0,55,0,0,1,4,118,119,115,116,3,0,0,0,2,23,17,20,24,25,21,19,26,22,18,16,11,0,0,10,7,8,5,0,9,14,12,79,78,0,75,76,73,77,72,81,74,71,98,0,93,103,96,94,100,97,99,102,101,62,67,0,0,66,0,63,0,69,0,0,82,89,91,0,87,84,0,0,0,85,92,0,32,0,0,37,0,35,36,29,0,31,0,110,112,111,104,113,106,105,109,0,0
17,20,22,21,16,24,19,0,26,0,18,32,37,0,36,27,28,0,31,33,34,29,100,103,96,97,93,94,102,98,99,0,101,1,116,119,2,3,120,118,4,121,117,115,0,112,0,109,106,107,104,0,0,113,111,57,0,58,53,54,51,0,50,59,52,49,0,73,71,81,74,72,78,75,77,0,79,40,45,38,43,44,42,0,0,47,48,39,60,0,0,0,65,62,68,66,61,0,70,8,10,12,6,15,0,13,14,7,0,9,0,0,90,89,82,91,84,0,0,86,92
105,0,110,109,0,112,0,113,114,111,106,120,4,2,3,0,116,118,0,121,1,0,67,0,63,0,60,61,0,0,66,0,68,89,83,86,0,91,87,85,92,88,84,82,77,79,0,76,73,74,71,72,75,80,0,24,0,25,20,21,0,22,17,26,19,16,0,40,38,48,41,39,45,42,44,47,46,0,12,5,10,11,9,8,0,14,15,0,27,34,36,31,32,29,35,33,28,30,37,96,0,100,0,103,99,101,0,95,93,0,0,0,0,56,49,58,51,50,54,0,0
50,0,0,0,49,57,52,58,0,56,51,0,0,68,69,60,61,63,64,66,67,62,12,0,8,9,5,6,0,10,11,0,13,34,0,31,0,36,32,30,37,33,29,27,22,24,0,21,18,0,16,17,0,25,23,90,89,0,86,87,0,88,0,92,85,0,109,106,104,114,107,105,111,108,110,0,112,73,78,71,76,77,75,0,79,0,81,72,93,0,102,97,98,95,101,99,94,96,103,0,43,45,39,48,44,46,47,40,0,42,118,121,0,1,115,0,117,116,120,119,4
0,75,77,76,71,0,74,80,81,78,73,87,0,90,0,0,83,85,86,0,89,0,34,37,30,31,27,28,36,32,33,29,0,56,50,53,57,58,54,52,59,0,0,49,0,46,48,43,40,0,38,0,42,0,45,112,0,113,108,0,106,110,0,114,0,104,10,7,5,15,8,6,12,9,0,0,13,95,100,93,98,0,97,96,101,102,103,94,115,0,3,119,120,117,2,121,116,118,4,63,65,67,61,70,66,68,0,62,60,64,19,22,24,23,0,0,0,17,21,0,26
61,64,66,65,60,68,0,69,0,67,0,0,81,79,0,71,72,74,75,77,78,73,23,26,0,0,16,0,25,21,22,18,24,45,39,42,46,47,43,41,48,44,40,38,0,35,37,32,29,30,27,28,0,0,34,101,100,102,97,0,95,99,94,0,96,93,120,117,115,4,118,116,1,0,121,3,2,84,89,82,87,88,0,85,90,91,92,83,104,111,113,108,109,106,0,0,0,107,114,0,54,56,0,0,0,57,58,51,0,0,8,11,0,12,5,0,7,6,10,0,15
94,97,99,98,93,101,0,102,103,0,0,109,0,112,0,104,105,107,108,110,0,0,56,59,52,53,49,50,58,0,55,51,57,78,72,0,79,80,76,74,81,77,0,0,66,68,70,0,62,63,60,61,64,69,0,13,12,0,9,10,7,11,0,0,8,0,32,29,0,37,30,28,0,31,0,0,35,117,0,115,120,121,119,0,2,3,0,116,16,23,0,20,0,18,24,22,17,19,26,0,87,89,83,0,88,90,0,84,82,86,41,44,46,45,0,0,0,0,0,0,48
0,119,0,120,115,0,118,0,4,1,117,0,15,13,14,5,6,8,9,11,12,0,78,81,74,75,71,72,80,0,77,73,79,100,0,0,101,102,98,96,103,99,95,0,88,90,92,87,84,85,82,0,86,91,0,35,34,36,31,32,29,33,28,0,30,27,54,51,49,59,52,50,56,53,55,58,57,0,23,16,0,22,20,19,24,25,26,17,38,0,47,0,43,40,46,0,0,0,0,0,109,111,105,114,110,0,113,106,104,0,63,0,68,0,60,0,62,61,65,64,0
69,72,0,73,68,76,71,77,78,75,70,84,89,0,0,0,80,82,83,0,86,0,31,34,0,0,24,0,33,0,30,26,32,0,47,50,54,55,51,0,56,52,48,46,41,0,45,40,37,38,35,36,39,44,42,109,108,110,105,106,0,107,0,111,104,0,0,4,2,12,5,3,9,0,8,11,0,0,97,0,95,96,0,93,0,99,100,0,112,0,121,116,117,114,120,0,113,115,1,60,62,64,58,67,63,0,66,59,57,61,0,19,21,20,0,22,15,14,18,17,23
3,6,8,0,2,10,5,11,12,9,4,18,0,21,22,13,0,16,17,19,20,15,86,89,82,83,0,80,88,84,85,81,0,0,102,105,109,0,0,0,111,0,0,101,96,0,100,95,92,93,0,0,94,99,97,43,42,0,39,40,0,0,36,45,38,35,62,0,0,0,60,58,64,0,63,66,65,26,31,24,29,0,28,27,32,0,34,25,46,53,55,0,51,48,54,52,47,49,56,115,0,119,113,1,0,0,121,114,0,116,0,74,0,0,68,77,0,69,0,72,0
91,94,0,0,90,0,93,99,100,97,92,106,111,109,110,101,102,0,0,0,0,103,53,0,49,50,46,0,0,51,52,48,54,75,69,72,76,77,73,71,78,74,70,68,0,65,67,62,59,0,57,0,61,66,0,10,9,11,6,0,4,8,3,0,5,2,29,26,0,34,27,25,31,28,30,33,32,114,119,112,117,118,116,0,120,121,1,113,13,20,22,0,18,0,21,19,14,0,23,82,84,86,80,89,85,87,88,81,79,83,38,41,0,42,35,44,37,0,0,39,45
113,116,0,117,0,120,0,121,0,119,114,7,12,10,11,2,3,5,6,8,9,0,75,78,71,72,68,69,77,0,74,70,76,97,91,94,0,99,0,93,100,96,92,90,85,87,89,84,81,0,79,0,83,88,86,32,31,33,28,29,26,0,0,0,27,24,51,0,46,0,49,47,53,50,52,55,54,15,20,0,0,19,17,16,0,22,0,0,35,0,0,39,40,37,43,41,0,38,45,104,0,108,0,111,0,109,110,103,101,105,0,0,0,0,57,66,59,0,0,61,0
25,28,30,0,24,32,0,33,0,0,26,40,45,43,44,0,0,38,0,0,42,0,0,111,0,105,101,102,110,106,107,103,109,9,0,0,10,11,0,5,12,0,4,2,118,120,0,117,114,115,0,113,116,0,119,65,64,66,61,62,0,63,0,67,60,57,0,81,79,89,82,80,86,83,0,88,87,48,53,46,51,52,0,49,0,55,0,47,68,0,77,72,73,70,0,0,69,0,78,0,18,0,14,23,19,0,0,15,13,17,93,96,98,97,90,0,92,0,95,94,100
0,17,0,18,13,21,16,22,0,20,15,29,0,32,33,24,0,27,28,0,31,26,97,100,0,94,90,91,99,95,0,92,98,0,113,116,120,121,0,115,1,118,114,112,0,0,111,106,103,0,101,0,105,110,108,54,53,0,50,0,48,52,47,0,0,46,0,70,68,78,71,69,75,72,74,77,76,37,42,35,0,0,39,0,43,44,45,36,57,64,0,61,0,59,65,63,58,0,0,5,7,9,0,0,0,10,11,4,0,6,0,0,87,86,79,88,81,0,0,83,89
58,61,63,62,57,65,60,66,67,64,59,73,78,76,77,68,69,71,72,74,75,70,20,23,16,17,0,0,22,18,19,15,21,0,0,39,43,44,0,38,45,41,0,35,30,32,34,29,0,0,24,25,28,33,0,98,97,99,94,0,0,0,91,100,93,90,117,114,0,1,0,113,119,116,118,0,120,81,86,79,84,85,83,0,87,88,89,0,101,108,110,0,0,0,0,107,0,0,0,49,0,53,0,56,52,54,0,0,46,50,5,8,10,0,0,0,4,0,0,0,12
102,105,107,0,0,109,104,0,111,108,103,117,0,120,0,112,113,115,116,118,119,114,64,67,0,61,57,58,66,0,63,59,65,86,80,83,87,0,84,0,89,0,81,0,74,76,78,73,70,71,68,69,0,0,75,21,20,22,17,18,15,19,14,23,16,13,40,0,35,45,38,36,0,39,0,44,43,4,9,2,0,8,6,0,10,11,0,3,0,31,33,28,29,26,32,30,25,27,34,93,0,0,0,100,96,0,99,92,90,94,49,52,54,0,0,0,48,47,51,0,0
47,0,52,0,46,54,49,55,56,53,48,62,67,65,66,57,58,60,0,63,64,59,9,0,0,6,2,3,11,7,8,4,10,31,25,28,32,33,0,0,34,30,26,24,19,21,23,18,15,16,13,14,17,22,20,87,86,88,83,84,81,85,0,89,82,0,106,103,101,111,0,0,0,0,0,0,109,70,75,68,73,74,72,71,76,77,0,0,90,97,99,0,0,92,98,96,0,93,0,0,40,0,36,45,41,43,0,37,35,0,115,0,0,0,0,0,0,113,0,116,0
80,0,0,84,79,0,0,88,89,86,81,0,0,98,99,90,0,93,94,96,0,92,42,45,38,39,0,36,44,40,41,37,0,64,58,61,65,66,62,60,67,63,59,57,52,54,0,0,48,49,46,47,50,55,53,120,119,121,116,117,0,118,113,1,115,112,18,15,13,23,0,14,0,0,0,22,21,103,108,101,106,107,0,104,109,0,0,0,2,9,11,6,7,4,10,8,3,5,12,71,73,0,69,78,0,76,0,70,0,72,27,0,0,0,24,33,26,25,29,0,0
36,39,41,40,0,0,38,44,45,42,0,51,56,54,0,0,47,49,50,0,53,48,119,1,115,116,0,113,121,117,118,0,0,0,14,17,21,0,18,0,0,19,15,13,8,0,12,0,4,0,2,0,6,11,9,0,0,0,72,73,0,74,0,78,71,68,95,92,90,100,93,91,97,94,96,99,98,59,0,57,62,63,61,60,0,66,0,58,0,0,88,83,84,81,87,85,80,82,89,27,29,31,25,34,30,0,33,26,24,0,104,107,109,108,101,110,103,0,106,105,111
46,49,51,50,0,0,48,0,0,52,47,61,0,64,65,56,57,59,60,62,63,0,8,0,4,5,1,2,10,0,0,3,9,30,24,0,31,32,0,26,33,29,25,23,0,20,22,17,0,15,12,0,16,21,0,86,85,87,82,83,80,84,0,88,81,0,105,102,0,110,103,101,0,104,106,109,0,0,0,67,72,0,71,70,75,76,0,0,89,0,0,93,94,91,97,95,0,92,99,0,0,41,0,44,0,42,43,36,34,38,114,0,119,118,111,0,0,112,116,115,121
101,0,0,0,100,108,103,109,110,107,102,116,121,119,120,111,112,114,0,117,118,113,63,0,59,60,56,57,65,0,62,58,64,0,79,82,86,87,83,81,0,84,80,78,0,75,77,72,0,70,0,68,71,76,74,20,19,21,0,17,0,18,13,0,0,12,39,36,34,44,0,35,41,38,0,43,0,3,0,1,6,7,5,4,0,10,0,0,0,0,32,27,28,25,0,29,24,26,0,0,94,96,90,99,95,97,98,0,0,0,48,51,53,0,0,54,0,46,50,49,55
24,0,29,28,23,0,0,32,33,30,25,39,44,0,43,0,35,37,38,40,41,0,107,110,103,0,100,101,109,0,0,102,0,8,2,5,0,10,6,4,0,7,3,1,117,0,121,116,0,114,0,112,115,0,118,64,0,65,0,61,0,62,57,66,59,56,83,80,0,88,0,79,85,0,0,87,86,47,52,45,50,51,49,48,53,54,0,46,0,74,0,0,72,69,75,73,68,70,0,0,17,19,13,22,18,20,0,14,0,16,92,95,97,96,0,0,0,90,0,93,99
112,115,0,116,111,119,0,120,121,118,113,6,11,0,10,1,2,4,5,7,8,3,0,77,0,71,0,68,76,72,0,69,0,96,0,0,0,98,94,92,0,95,0,0,84,86,0,83,80,0,78,79,82,87,85,31,0,32,27,28,0,29,24,33,0,0,0,0,45,55,48,46,52,0,0,54,0,14,0,12,17,18,16,15,20,21,22,13,34,41,0,38,39,36,42,40,35,37,44,103,105,107,101,110,106,108,109,102,0,104,0,0,64,63,56,65,58,0,61,60,66
0,82,84,83,78,86,81,0,0,0,80,94,99,97,98,89,90,92,93,95,96,91,0,44,37,38,34,35,43,0,0,0,0,63,57,0,64,65,61,59,66,62,0,56,0,53,55,50,47,0,45,0,0,0,0,119,118,120,0,116,113,0,112,121,114,111,17,14,12,22,15,0,19,16,18,21,0,102,0,100,105,0,104,103,108,0,110,101,0,8,0,5,6,3,0,0,2,0,11,70,72,74,68,77,0,0,76,69,67,71,26,29,31,30,23,32,25,24,0,27,33
2,5,7,0,1,9,4,10,11,8,3,17,22,20,21,12,13,0,16,0,19,0,85,88,0,0,0,79,87,83,84,80,86,107,101,0,108,109,105,0,110,0,102,100,95,97,99,94,91,92,0,90,93,98,96,0,41,43,38,39,36,40,35,44,0,34,61,58,56,66,0,0,0,60,62,65,64,25,0,0,28,29,27,26,0,32,33,24,45,52,54,49,0,47,53,0,46,48,55,114,116,118,0,121,0,0,120,0,111,0,0,73,0,74,67,76,0,0,0,0,77
68,0,0,72,67,75,70,76,77,0,69,83,88,86,87,78,79,0,82,0,85,0,30,0,26,27,0,24,32,28,29,25,31,52,0,0,53,54,0,48,0,51,0,45,0,42,0,39,36,37,34,35,38,0,41,108,107,109,104,105,0,0,101,0,103,100,6,3,0,11,4,2,8,5,0,0,9,91,96,89,94,95,93,0,97,98,99,0,111,0,120,115,0,113,119,0,112,0,121,0,61,63,57,66,62,64,65,58,0,60,15,18,20,19,12,0,14,13,17,16,22
0,38,0,39,34,42,0,0,0,41,36,0,55,53,54,0,0,0,49,51,0,47,118,121,114,0,111,112,0,116,0,113,119,0,13,16,20,21,0,15,22,18,14,12,7,9,11,6,3,4,1,2,5,10,8,0,0,76,0,0,0,0,68,77,70,67,94,0,89,99,0,0,96,93,95,98,0,58,0,0,61,62,60,59,64,65,66,57,0,85,87,0,0,80,86,84,79,0,88,0,28,30,0,33,29,31,32,25,23,27,103,106,108,107,100,0,102,101,105,104,0
0,16,18,17,12,20,15,0,22,19,14,28,33,0,32,23,0,26,27,29,30,25,96,99,0,0,89,90,98,94,0,91,97,118,112,115,119,0,116,0,121,0,0,111,0,0,110,0,0,103,0,101,0,109,107,0,52,54,49,50,47,51,0,55,48,45,72,69,0,0,70,68,74,71,73,0,0,0,41,34,39,40,38,37,42,43,44,35,56,63,65,60,61,0,0,0,0,59,66,4,0,8,2,11,7,0,10,3,1,5,0,84,86,85,78,87,80,79,83,82,88
90,93,95,94,89,97,0,0,99,96,91,105,110,0,109,100,101,103,104,106,107,0,52,55,48,49,45,46,0,50,51,47,53,0,0,71,75,76,72,0,77,0,69,0,62,64,66,61,0,0,56,57,60,65,0,0,8,10,5,6,3,0,2,11,4,1,28,0,0,33,26,24,0,27,29,0,31,113,118,111,116,117,115,114,119,120,121,0,12,19,21,0,0,14,20,18,0,15,0,81,0,85,0,88,84,86,87,0,0,0,37,0,42,0,34,43,36,35,0,38,0
0,60,0,61,0,64,59,0,66,63,58,72,77,75,0,0,68,70,71,73,74,69,19,22,15,16,12,13,21,0,0,14,20,41,35,38,42,43,39,0,44,40,36,34,0,31,33,28,25,26,0,24,27,32,30,97,96,98,93,0,91,95,90,99,92,89,0,113,0,121,0,112,118,115,117,120,119,0,85,78,0,84,0,81,86,87,0,79,100,107,109,104,105,102,108,106,101,103,0,48,0,52,46,0,51,0,54,0,0,49,4,7,9,8,1,10,3,2,6,5,11
0,33,35,0,29,37,32,38,0,36,31,45,0,48,49,40,41,43,44,46,0,42,0,116,109,110,106,107,0,111,0,108,114,14,8,0,15,0,12,10,17,13,9,0,0,0,6,0,119,120,117,0,121,5,3,70,0,0,0,67,64,0,63,72,65,62,89,0,0,94,87,0,91,88,90,0,92,0,0,51,56,57,55,54,59,60,0,52,73,80,82,0,0,75,0,79,0,76,0,21,23,25,19,28,24,26,27,20,18,22,98,0,0,102,95,0,97,96,100,0,105
107,110,112,0,106,114,109,115,116,113,108,1,6,0,5,0,0,0,121,0,3,119,0,72,0,66,62,0,0,0,68,64,70,0,85,88,92,93,89,87,0,90,0,84,79,0,83,78,0,76,0,74,77,82,80,26,25,27,22,23,20,24,0,28,0,18,45,42,40,0,43,41,47,44,0,0,48,9,14,7,12,0,0,0,15,0,17,8,0,0,38,33,34,31,0,0,30,0,39,0,100,0,96,0,101,103,0,97,95,0,0,57,59,0,0,60,53,52,56,55,61
52,55,57,56,51,0,54,60,61,58,53,67,72,0,71,0,63,0,66,68,0,64,0,0,0,11,0,8,16,12,0,0,0,36,0,0,37,0,34,32,39,35,31,29,24,26,28,0,0,21,18,0,22,27,25,92,91,93,88,89,86,90,85,94,87,84,111,108,106,116,109,107,113,110,112,0,114,75,80,73,78,79,0,76,81,82,83,74,95,0,104,0,100,0,103,101,96,0,105,43,45,47,41,50,46,0,49,42,40,0,120,2,4,3,117,5,119,118,1,121,6
0,121,2,1,0,4,120,5,6,0,119,12,0,15,16,7,0,0,11,13,14,9,80,83,76,0,73,74,82,78,0,75,0,102,96,99,103,104,0,98,0,101,97,0,0,92,94,0,86,87,0,0,88,93,91,37,36,38,0,34,31,35,30,39,0,29,56,53,51,61,54,52,0,55,57,60,59,20,0,18,23,24,22,0,0,0,0,19,0,47,49,44,45,0,48,0,0,43,50,109,111,113,107,116,112,114,115,108,106,0,0,68,70,69,62,71,64,0,0,66,0
63,0,68,67,62,70,65,71,72,69,0,78,0,81,82,0,74,76,0,79,80,75,25,28,21,22,18,19,27,23,24,20,26,47,0,44,48,0,0,0,50,46,42,40,35,37,39,34,31,32,29,30,0,38,36,103,102,104,99,100,97,101,96,105,98,95,1,119,117,6,120,118,3,0,2,5,0,0,91,0,89,90,88,87,92,93,94,0,106,113,115,110,0,108,114,112,107,109,0,54,0,58,0,61,57,0,0,53,51,0,10,13,0,0,0,0,0,8,12,0,0
8,11,13,12,0,15,10,0,17,14,9,0,28,26,27,0,19,0,0,0,25,0,91,94,87,88,84,85,93,0,0,86,0,113,107,0,114,115,111,109,116,112,108,0,101,103,0,100,97,98,95,96,99,104,102,48,47,49,0,45,42,0,41,0,43,40,67,64,0,72,65,63,0,0,68,0,70,31,36,0,34,35,33,0,37,38,39,30,51,58,60,0,0,53,59,57,52,54,61,120,1,3,0,6,0,4,5,0,117,121,76,79,81,80,73,82,75,0,0,0,83
96,99,101,100,95,103,0,104,105,102,97,111,116,114,0,106,107,109,110,112,0,0,0,0,0,55,51,52,60,56,57,53,0,0,74,0,0,0,78,0,83,0,0,73,68,0,0,67,64,0,62,63,66,0,0,0,14,16,11,0,9,13,8,17,0,7,34,0,29,39,32,0,36,33,35,38,37,119,3,0,1,2,0,120,0,5,6,0,18,25,27,22,23,20,26,0,0,21,28,87,89,91,85,94,90,92,93,86,84,88,43,46,48,47,40,49,42,41,0,44,0
19,0,24,23,18,0,21,27,28,0,20,0,39,0,38,29,0,32,33,35,36,31,102,105,0,99,95,96,104,100,101,97,103,3,118,121,4,5,0,120,6,0,0,117,112,114,116,111,108,109,106,107,0,115,113,59,58,60,55,56,0,57,0,61,54,0,78,0,73,83,76,74,80,0,79,82,81,0,47,0,45,46,0,43,48,49,0,0,0,69,71,66,67,64,70,68,0,65,72,10,12,0,8,17,0,15,16,9,0,11,87,90,0,91,84,93,86,85,89,88,94
85,88,0,89,84,0,87,93,94,0,86,100,105,0,104,0,0,98,99,0,102,97,47,50,43,44,40,0,49,45,46,0,48,69,0,66,70,71,67,65,72,68,0,62,57,59,61,0,53,54,51,52,55,60,0,4,3,5,0,1,0,2,118,0,120,117,23,20,18,0,21,19,25,22,24,27,0,108,113,106,111,112,110,109,0,115,116,107,7,14,16,0,12,9,15,13,8,10,17,76,78,80,74,83,0,0,82,75,73,77,0,35,37,36,0,0,31,0,34,0,39
41,44,46,45,40,48,43,0,50,0,42,56,61,59,60,51,52,54,55,57,58,53,0,6,120,0,117,118,5,1,2,119,0,25,19,0,26,27,23,21,28,24,20,18,0,15,17,12,9,10,0,8,0,16,14,81,80,82,77,78,75,79,74,83,76,73,0,0,95,0,98,96,102,99,101,104,103,64,0,0,67,0,0,65,70,71,72,63,84,91,93,0,89,86,92,90,85,87,94,0,0,0,30,0,35,37,38,31,29,33,109,112,114,0,0,0,108,107,111,110,116
74,77,0,78,73,0,0,0,83,80,75,89,0,92,93,84,0,87,88,90,91,0,36,39,32,33,0,0,0,34,0,31,37,0,52,55,59,60,0,54,61,0,53,0,46,48,50,45,42,43,40,41,44,49,47,114,113,115,0,111,108,112,107,0,109,0,12,0,7,17,0,8,14,11,13,16,15,97,102,95,0,101,99,98,0,104,0,96,0,3,5,121,0,0,0,2,118,120,6,65,0,69,63,0,68,70,71,64,62,66,0,24,0,25,18,27,20,19,23,22,28
48,51,53,52,47,55,50,56,0,54,49,63,68,66,67,0,59,61,0,64,65,60,10,13,6,0,3,0,12,8,9,0,11,32,0,29,0,34,30,28,0,31,0,25,20,22,24,19,0,17,14,0,18,0,21,88,87,89,84,85,82,0,81,90,83,80,107,104,102,112,105,103,109,106,108,111,110,71,0,0,0,75,73,72,0,78,79,0,91,98,100,95,96,93,99,97,92,94,101,39,41,43,0,46,0,0,45,0,36,40,116,0,0,120,113,1,0,114,118,117,2
4,7,9,0,3,11,6,0,13,10,0,19,24,22,0,14,15,17,18,20,0,16,87,90,0,0,0,81,89,85,86,82,88,109,103,106,0,111,107,105,0,108,104,102,97,99,101,96,93,94,91,92,95,0,98,0,43,45,0,0,0,42,37,46,39,36,63,60,58,68,61,59,0,0,64,67,66,27,32,25,30,31,29,28,33,34,35,0,0,54,0,51,0,49,0,53,48,50,0,0,118,120,0,2,119,121,1,115,113,117,72,75,77,76,0,78,0,70,74,73,79
37,40,42,41,0,44,39,45,46,43,38,52,0,0,0,47,48,50,51,53,54,49,120,2,116,117,113,114,1,118,119,0,121,0,15,0,0,23,19,17,24,20,16,0,9,0,0,8,0,6,3,4,7,12,0,77,0,78,0,74,71,75,70,0,0,69,96,93,91,0,0,92,98,0,0,100,0,60,0,58,63,64,62,61,0,67,68,59,0,87,89,84,85,82,88,0,0,0,0,28,30,32,26,35,31,33,34,27,25,29,105,108,110,109,0,0,104,103,107,106,0
26,29,0,30,25,33,28,34,35,32,27,41,0,44,45,36,37,39,40,0,0,38,109,112,105,106,102,103,111,107,108,104,110,10,4,7,0,12,0,6,13,9,5,3,119,121,0,118,115,116,113,114,0,1,120,66,65,67,62,63,60,64,0,0,61,58,85,82,0,90,83,0,87,84,86,89,88,0,54,47,52,53,51,0,55,56,57,0,0,76,78,73,74,71,0,75,70,0,79,17,19,0,0,24,20,22,0,16,0,18,94,0,99,98,91,100,93,92,96,95,101
0,62,0,63,0,66,61,67,68,0,60,74,79,77,78,69,70,0,73,0,76,0,21,24,17,18,14,15,23,19,20,16,22,43,37,40,44,45,41,39,0,42,38,36,31,0,35,30,27,28,25,26,0,0,32,99,98,100,95,96,93,97,92,101,94,0,118,115,113,2,116,114,120,0,0,1,121,0,87,80,85,86,84,83,88,89,90,81,0,0,111,106,107,0,110,108,103,0,0,0,52,54,48,57,0,55,56,49,0,51,6,9,11,10,3,12,5,4,8,7,13
70,73,0,74,0,77,72,78,0,76,71,85,90,88,89,80,81,83,84,86,87,82,32,35,28,29,25,26,0,30,0,27,33,54,0,51,55,56,0,50,0,53,0,47,0,44,46,41,38,39,36,37,40,45,43,110,0,0,106,0,104,0,0,112,105,102,8,5,3,13,0,4,10,0,9,12,11,93,0,91,0,0,0,94,0,100,0,92,0,0,1,117,118,115,121,119,114,116,2,61,63,65,59,68,64,66,67,60,58,62,17,20,22,21,14,0,16,15,19,18,24
81,84,0,85,80,0,83,89,90,87,0,96,0,99,100,91,92,0,0,97,98,93,43,46,39,40,36,37,45,41,42,38,0,65,0,62,66,67,63,61,68,64,60,58,53,55,57,52,49,50,47,48,0,56,54,121,0,0,117,118,115,119,114,2,116,113,19,16,14,0,17,15,21,18,20,23,22,104,109,0,0,108,106,0,0,111,112,103,3,10,12,7,8,5,11,9,4,0,0,72,74,0,70,79,0,77,0,0,0,73,28,31,33,32,0,34,0,26,30,29,0
114,117,0,118,0,121,116,0,2,0,115,8,13,0,12,3,4,0,7,9,10,5,76,79,72,0,69,70,78,74,0,71,77,98,92,0,99,100,96,94,101,97,0,91,86,0,90,85,82,83,80,81,84,89,87,33,32,34,29,30,0,31,26,35,28,25,52,49,47,57,50,48,54,51,0,56,55,0,0,14,19,20,0,17,22,23,0,0,36,43,0,40,41,38,44,42,37,0,0,0,107,109,103,112,108,110,0,104,0,106,61,64,66,65,58,67,0,59,0,62,68
15,18,0,19,14,22,0,23,24,0,16,0,35,33,34,25,26,0,29,31,32,27,0,101,94,95,0,92,100,96,97,93,0,0,114,117,121,0,0,116,2,119,115,0,108,110,112,0,104,105,102,103,0,111,0,55,54,56,51,0,0,53,48,0,50,47,74,0,0,79,72,70,76,73,75,78,77,38,0,0,41,42,40,39,44,0,46,37,58,65,67,62,63,60,66,64,59,0,68,6,8,0,4,13,9,11,0,5,3,7,0,86,0,87,0,0,82,81,85,0,90
0,95,97,96,91,0,94,0,101,98,0,107,0,110,111,102,103,105,0,108,109,104,54,57,50,0,47,48,56,52,53,49,55,76,70,73,77,78,0,0,79,75,71,69,64,0,68,63,60,0,58,59,62,0,65,11,10,0,7,8,5,9,4,13,6,3,30,0,0,35,28,26,32,29,31,0,33,115,0,113,118,0,117,0,121,1,2,114,14,21,23,18,0,16,22,20,0,17,24,83,85,87,0,90,86,0,89,82,80,84,0,0,0,0,0,45,38,37,41,40,0
103,106,108,107,0,110,105,111,112,109,0,118,0,0,0,113,114,116,117,0,120,115,65,68,61,62,58,0,67,63,64,60,66,87,81,84,88,89,85,83,0,0,82,80,75,0,79,74,71,72,69,70,73,78,76,22,21,23,0,19,0,20,15,0,17,0,41,38,36,46,39,37,0,0,42,45,0,5,10,3,8,9,7,6,11,0,13,4,25,32,34,29,0,27,0,31,26,28,35,94,96,0,92,101,0,99,100,93,91,95,50,53,55,54,47,56,49,0,52,0,57
67,70,0,71,66,74,0,0,76,73,68,82,87,85,86,77,78,80,0,0,84,79,0,32,25,26,22,0,31,27,0,0,30,0,45,0,52,53,49,47,54,50,46,44,39,0,43,38,35,36,33,0,37,42,40,107,106,108,103,104,0,105,100,109,0,99,0,2,121,10,3,1,7,4,6,9,8,0,95,88,0,94,92,91,96,97,98,89,110,117,119,114,115,0,118,116,0,113,120,58,60,0,56,65,61,63,0,57,0,59,14,17,19,18,11,20,13,12,16,15,21
0,0,0,38,33,41,36,42,43,40,35,49,54,52,53,0,45,47,48,50,51,46,117,0,113,114,110,111,119,115,116,112,118,18,12,15,19,20,16,14,0,17,0,11,6,8,10,0,0,3,121,1,0,9,0,74,0,75,70,0,68,72,67,76,69,66,93,0,88,98,91,89,95,92,94,0,96,0,62,0,60,61,0,58,63,64,65,0,77,84,86,81,0,79,85,83,78,80,87,0,27,29,23,32,28,30,31,0,22,26,102,105,107,106,99,108,0,100,0,103,109
0,26,28,27,22,30,25,0,32,29,24,38,43,0,42,33,34,0,37,39,0,35,106,109,102,0,0,100,108,104,105,101,107,7,1,4,8,9,0,0,0,0,0,0,116,118,120,0,112,113,110,111,114,119,0,63,0,64,59,0,57,61,56,65,0,55,82,79,77,0,80,0,84,0,83,86,85,46,51,44,49,50,0,47,52,53,54,45,66,73,75,70,71,0,74,72,0,69,76,14,0,18,0,21,17,0,20,13,0,0,91,94,0,95,88,97,0,89,0,92,0
45,48,50,49,44,0,47,53,54,51,0,60,65,63,0,55,56,58,59,0,0,57,0,10,3,0,121,1,9,5,6,0,8,29,23,0,30,0,27,25,32,28,24,22,17,19,21,16,13,14,11,12,15,20,18,85,84,86,81,82,79,83,78,87,0,0,0,0,0,109,102,100,106,103,0,108,107,68,73,66,71,0,70,0,74,75,76,0,88,0,97,92,93,90,96,94,89,91,98,36,38,40,34,43,0,0,0,0,33,37,113,0,0,117,110,119,112,111,115,0,120
111,114,116,115,110,118,113,119,120,117,0,5,0,8,9,121,0,3,4,6,7,2,0,76,69,70,66,67,0,71,0,68,74,95,89,0,96,97,93,91,98,94,90,0,83,85,87,82,0,0,77,78,0,86,84,30,0,31,26,27,24,0,23,32,25,22,49,46,0,54,0,0,51,48,0,0,52,0,18,11,0,0,0,14,19,20,21,12,33,0,0,0,38,35,0,39,34,36,0,0,104,0,100,0,0,107,108,0,99,103,58,61,63,62,55,64,57,56,60,59,65
0,103,105,104,0,107,102,108,109,106,101,115,120,118,119,110,111,113,0,0,117,0,62,65,58,59,55,56,64,0,61,57,0,84,78,81,0,86,82,80,87,83,0,77,72,74,0,71,68,69,66,67,70,75,0,0,0,20,0,16,13,17,12,21,0,11,38,35,0,43,36,34,40,37,39,42,0,0,7,121,0,6,0,0,8,9,10,1,22,29,31,0,27,24,0,0,0,25,32,91,0,0,89,98,94,0,97,90,88,92,0,50,52,51,44,53,0,45,49,48,54
89,92,0,93,88,96,91,97,98,95,90,0,109,107,0,99,100,102,103,105,106,0,51,0,47,48,44,45,53,0,50,46,52,73,67,70,74,75,71,0,76,72,0,66,61,63,65,0,57,0,0,0,59,0,62,8,0,0,4,5,2,6,1,10,0,0,27,24,22,32,0,23,29,26,28,31,30,112,0,0,115,0,114,113,118,119,120,0,11,0,0,15,0,0,19,0,12,14,0,80,82,84,0,0,83,85,86,0,77,81,36,39,0,0,33,42,35,34,38,37,43
1,4,6,5,121,8,3,9,10,7,2,16,0,0,20,11,12,14,15,17,0,13,84,87,80,81,77,78,0,82,83,79,85,106,100,103,107,0,0,102,0,0,101,99,94,96,98,0,90,91,88,89,92,97,95,41,0,42,0,38,35,0,34,43,36,33,60,57,55,65,58,0,0,59,61,64,63,24,0,22,0,0,0,25,30,31,0,23,0,0,53,48,49,46,0,0,45,47,54,113,115,0,111,120,0,118,119,112,110,114,0,72,74,73,66,0,68,67,71,70,76
12,15,17,16,11,19,14,20,0,18,13,0,32,30,31,22,0,25,26,28,29,0,95,98,0,0,88,0,0,93,94,90,96,117,111,114,118,0,115,113,120,116,112,110,105,107,0,104,0,102,99,100,103,108,0,52,51,53,48,49,46,50,0,54,47,44,71,68,66,76,69,0,73,70,0,75,74,35,0,33,38,39,37,36,0,0,43,34,55,0,64,0,60,57,63,61,56,58,65,3,5,0,0,10,0,0,9,2,121,4,80,83,85,84,0,86,79,0,82,81,87
78,81,83,0,77,85,80,0,87,0,0,93,0,0,97,88,89,91,92,94,95,0,40,43,36,37,33,34,42,0,39,0,41,62,56,0,63,64,60,58,65,61,57,0,0,52,54,49,0,47,44,0,48,0,51,118,0,119,114,115,112,116,111,0,0,110,16,13,11,21,14,12,18,15,17,20,19,101,106,99,104,0,103,102,107,0,109,100,0,7,9,4,5,2,8,0,1,3,10,69,71,73,0,76,72,74,75,68,0,70,25,28,30,29,22,0,0,23,27,26,0
56,59,0,60,55,63,58,64,65,62,57,71,76,74,0,66,67,69,0,72,0,68,18,21,14,15,0,0,0,16,17,13,19,40,34,0,0,42,38,36,43,0,0,0,0,30,32,27,24,25,22,23,0,31,29,96,95,97,92,0,90,94,0,98,91,88,0,112,110,120,113,111,117,114,116,119,118,0,0,77,0,83,0,80,85,86,0,78,99,106,108,0,104,0,0,105,0,102,109,47,0,51,45,54,50,52,0,46,44,48,3,6,8,7,121,0,0,0,5,4,0
18,21,23,22,0,25,20,26,27,24,19,0,38,36,0,28,29,31,32,0,35,30,0,104,97,98,94,95,103,99,100,96,102,2,117,120,3,4,121,119,5,1,118,116,0,113,0,110,0,108,105,0,0,114,112,0,0,59,0,55,52,56,51,60,53,50,77,74,72,0,0,73,79,76,78,81,80,41,46,0,44,0,0,42,47,0,49,40,61,68,70,65,0,63,69,0,62,0,71,9,11,13,7,16,12,0,15,8,6,10,86,0,91,90,0,92,0,84,88,87,93
0,87,89,88,83,91,0,92,0,0,85,99,104,102,0,94,95,97,98,100,101,96,46,49,0,43,39,40,48,44,0,41,47,68,0,0,69,70,66,64,0,0,63,0,0,0,0,55,52,53,0,0,0,59,0,3,2,4,120,121,118,1,117,5,0,116,22,19,17,27,20,18,24,21,23,26,0,107,112,0,110,0,0,108,113,0,0,106,6,13,0,10,11,8,14,12,7,0,16,75,77,79,73,82,78,80,81,0,72,0,31,34,36,0,28,37,30,29,33,32,38
0,0,34,33,28,36,31,37,38,0,30,44,49,47,48,39,40,0,43,0,0,0,112,115,108,0,105,106,0,110,0,0,113,0,7,0,14,15,11,9,16,12,0,0,1,3,5,0,0,119,116,117,120,4,0,69,0,70,65,66,63,67,62,0,64,0,88,85,83,0,86,84,90,87,89,92,91,52,57,50,55,56,0,53,58,59,0,51,0,79,81,76,77,74,80,78,73,75,82,20,22,24,18,27,23,0,26,0,0,21,97,100,102,101,94,103,96,0,99,98,104
51,54,56,55,0,58,53,0,60,57,52,66,0,69,70,61,62,64,65,67,68,0,13,16,9,0,0,7,0,11,12,8,14,35,29,32,36,37,33,31,38,34,30,28,0,0,27,22,19,20,17,18,21,26,24,91,90,92,87,88,0,89,84,93,0,83,110,107,0,115,108,106,112,109,111,114,113,74,79,72,77,0,76,75,0,0,82,0,94,0,103,98,99,96,102,100,95,0,0,42,0,46,0,49,45,0,48,41,0,0,119,1,3,2,116,4,118,0,0,120,5
117,120,1,0,116,0,0,4,5,2,118,0,16,14,15,6,7,0,10,12,0,8,79,82,75,76,72,73,81,77,78,74,80,101,95,98,102,103,0,97,0,100,96,0,0,91,93,88,85,86,0,84,87,92,90,36,35,37,32,33,30,34,29,0,31,28,55,52,50,60,53,0,57,54,56,0,58,19,24,17,0,0,21,0,0,26,27,0,39,46,48,43,44,41,47,45,40,0,0,108,110,0,0,115,111,113,114,0,105,109,64,67,69,68,0,70,63,0,66,65,0
7,10,12,11,6,14,9,15,16,13,8,22,27,25,26,0,18,20,21,23,0,19,90,93,86,0,83,84,92,0,89,0,0,112,106,109,113,114,110,108,115,111,107,105,100,102,0,0,96,97,94,95,0,103,101,47,46,48,43,44,41,45,40,49,42,39,66,63,61,71,64,62,68,0,67,70,69,30,35,28,33,0,32,31,0,37,38,29,50,0,0,54,55,52,0,56,51,53,60,119,121,2,117,5,1,3,4,118,0,120,75,78,80,79,72,0,74,73,77,0,82
106,109,111,110,105,113,108,114,115,112,107,121,0,3,0,116,117,119,120,1,0,118,68,71,64,65,0,62,70,66,67,63,69,90,84,87,0,92,88,86,93,89,0,83,78,80,82,0,74,0,72,73,0,81,79,0,0,26,0,22,19,23,18,27,0,17,0,41,39,49,42,40,46,43,45,48,47,8,0,6,11,12,10,9,14,15,16,7,0,35,37,32,33,30,0,0,29,0,0,97,99,101,0,0,100,102,103,96,0,98,0,56,58,57,0,59,52,51,55,54,60
73,76,78,77,72,80,75,81,82,0,0,88,93,91,92,0,84,86,87,89,0,85,35,38,31,32,28,29,37,33,0,30,36,57,51,0,58,59,55,53,60,56,52,50,45,47,49,44,41,42,0,0,43,48,46,113,0,114,109,110,0,111,106,115,0,0,11,0,6,16,9,7,13,10,12,0,14,96,101,94,0,100,98,97,102,103,0,95,0,2,0,120,121,0,0,1,117,0,5,64,0,68,62,71,67,0,0,0,0,65,0,23,25,24,0,0,0,18,22,21,27
95,0,100,99,94,102,97,103,104,101,96,110,115,113,114,105,106,108,109,111,0,107,57,60,53,54,50,51,59,55,56,52,58,0,73,0,0,81,77,75,82,78,74,0,67,69,71,0,0,64,61,62,65,70,68,14,13,15,10,11,8,12,7,16,9,6,33,30,28,0,31,29,0,32,34,37,36,118,2,0,121,1,120,119,3,4,0,117,0,0,26,21,22,0,0,23,18,20,27,86,88,90,0,93,0,91,92,0,0,87,0,45,47,0,39,48,0,40,44,43,49
40,43,45,44,0,47,42,48,49,46,41,55,0,58,59,50,51,0,54,56,57,52,2,5,119,120,116,117,4,121,1,118,3,24,18,21,25,26,22,20,27,23,19,17,12,14,16,11,8,9,6,7,0,15,0,80,79,81,0,77,74,78,73,82,0,0,0,0,94,104,97,0,0,98,100,103,102,0,68,0,66,67,65,64,69,70,71,0,83,90,92,87,0,0,91,89,0,0,93,31,0,35,29,38,34,36,37,0,0,32,0,111,113,112,105,114,0,106,110,0,115
62,65,67,66,0,0,0,0,0,68,63,77,82,80,81,72,0,75,76,78,79,0,24,27,20,21,17,18,26,22,23,19,25,46,40,43,47,0,44,0,49,0,41,39,0,36,38,33,0,31,0,29,0,37,0,102,101,103,0,99,96,100,95,104,0,94,121,118,116,5,0,0,2,0,0,4,3,85,0,83,0,89,87,86,91,0,93,0,105,112,114,0,110,107,0,0,0,108,115,53,55,57,51,60,0,58,59,52,50,54,0,12,14,13,6,15,8,7,11,10,0
77,80,82,81,76,84,0,85,86,83,78,92,97,95,96,0,88,90,0,93,94,89,39,42,35,36,32,33,0,37,38,34,40,61,55,58,62,0,59,57,64,60,0,0,49,51,53,48,0,46,43,44,47,52,0,117,116,118,113,114,0,115,0,119,112,109,0,12,0,20,13,0,17,14,16,0,18,100,105,98,0,104,102,101,0,107,108,0,0,6,8,3,4,1,7,0,121,2,9,0,0,0,66,0,71,73,0,67,65,0,0,27,0,28,21,0,23,22,26,25,31
22,0,27,26,21,29,24,0,31,28,0,37,42,0,41,32,33,35,0,38,39,34,0,108,101,102,98,99,0,103,104,100,106,6,121,3,7,8,0,2,9,5,1,0,0,117,119,0,111,112,109,110,113,118,0,0,61,0,58,59,56,60,55,64,57,54,81,78,76,86,0,77,83,80,0,85,0,45,50,43,48,49,47,46,51,52,53,44,65,72,74,0,0,0,73,0,66,0,0,13,0,17,11,0,16,18,19,12,10,14,0,93,95,94,0,96,89,88,92,0,0
66,69,71,70,0,73,68,0,75,0,67,81,86,84,0,76,77,0,80,0,83,78,28,31,0,25,21,22,30,26,27,23,29,0,44,0,51,52,48,46,0,49,45,43,38,0,0,37,34,35,0,33,36,41,39,106,105,107,0,103,100,0,99,108,101,98,0,1,0,0,2,0,6,3,5,8,7,89,94,87,92,93,91,90,95,96,97,88,109,0,118,0,114,111,117,115,110,112,119,57,0,61,55,0,0,62,63,56,54,58,13,16,18,17,10,0,12,11,15,0,20
110,113,115,114,109,117,112,118,119,116,0,4,9,7,8,120,0,2,3,5,6,0,0,75,68,69,65,0,74,70,71,0,73,94,0,0,95,96,0,90,97,93,89,87,82,0,86,81,78,79,0,77,80,85,83,29,28,30,25,26,23,27,22,31,0,21,48,45,43,53,46,44,0,47,49,0,51,0,17,10,15,0,14,13,0,0,20,0,32,39,41,36,37,34,40,0,33,35,42,101,103,105,99,108,104,106,107,0,98,102,0,60,62,61,54,0,0,0,59,58,64
44,47,0,0,43,51,0,52,53,50,45,0,0,62,63,54,55,57,58,60,61,56,0,9,0,3,120,121,8,0,5,1,7,28,22,25,29,30,26,0,31,0,23,21,0,18,0,0,12,13,10,11,14,19,0,84,83,0,0,81,78,82,77,86,0,0,0,100,0,0,101,99,105,102,104,107,106,67,72,65,70,71,69,68,73,74,75,66,87,94,0,91,92,0,0,0,0,90,97,35,37,39,33,0,38,40,41,34,32,36,0,0,117,116,109,118,111,110,114,0,119
121,0,5,4,0,7,2,8,9,6,1,0,0,18,19,10,11,13,14,16,17,0,83,0,0,80,76,0,85,81,82,0,84,0,0,102,106,107,103,101,108,104,100,98,93,0,97,92,0,0,87,88,91,96,94,0,39,41,36,37,34,38,0,42,0,32,59,56,0,0,0,0,61,58,0,63,62,23,28,21,0,27,25,24,29,0,31,22,43,50,0,47,48,45,51,49,44,46,0,112,114,116,0,119,115,117,118,111,109,113,68,71,73,72,65,74,67,66,70,0,75
55,58,60,59,54,0,0,0,0,61,56,70,75,73,74,0,66,0,69,0,72,0,17,20,13,14,10,11,19,15,16,12,18,39,33,36,40,41,37,35,42,0,34,0,27,29,31,26,0,0,0,22,25,30,28,95,94,96,0,0,89,0,88,97,90,87,114,111,109,119,112,110,0,113,0,118,117,78,83,76,81,82,80,79,0,0,86,77,98,105,107,102,0,100,0,104,0,101,108,46,48,0,44,53,0,51,52,45,43,0,2,5,7,6,120,8,1,121,4,3,9
0,36,38,37,32,0,35,0,0,39,34,0,53,51,52,43,0,46,47,49,50,45,116,119,112,0,0,110,118,114,0,111,117,17,11,14,18,0,15,13,20,16,12,10,5,7,9,4,1,2,120,121,3,8,6,73,72,74,0,70,67,71,66,75,68,65,92,89,87,97,90,0,94,91,93,96,95,56,61,54,59,60,0,57,62,63,64,55,76,83,85,80,81,78,84,0,77,79,86,24,26,28,0,31,27,29,30,23,21,25,0,0,106,0,0,0,100,99,103,102,108
0,14,0,15,10,18,13,19,0,17,0,26,31,29,30,0,0,0,25,0,28,23,94,97,0,0,87,88,96,92,0,0,95,0,110,113,117,118,0,112,119,115,111,109,104,106,108,0,100,101,98,99,102,107,0,51,0,52,47,0,45,49,44,53,46,0,70,67,65,0,0,0,72,0,71,74,0,34,39,32,0,38,36,35,40,0,42,33,54,61,63,58,59,0,62,0,55,57,64,2,0,0,121,0,5,7,8,1,120,3,79,82,84,83,76,0,78,77,0,80,86
0,102,104,0,98,106,0,107,108,0,0,114,119,0,118,109,110,112,113,115,0,111,61,64,57,0,0,55,0,59,60,56,62,83,0,0,84,85,0,79,86,82,78,0,71,73,75,70,0,68,65,66,69,74,72,18,17,19,0,15,12,16,11,20,0,10,37,34,32,0,35,0,0,36,0,0,40,0,6,120,4,5,3,2,7,8,9,121,0,28,30,0,26,23,29,27,22,24,0,90,92,94,88,97,93,95,96,89,87,91,46,49,51,0,43,52,45,44,48,47,53
88,0,93,0,87,95,90,96,0,94,0,103,108,0,0,98,99,101,102,104,105,0,50,0,0,47,43,44,52,0,0,45,51,72,66,69,73,74,70,68,75,71,0,65,60,0,64,59,56,57,0,55,58,63,61,0,6,0,3,4,1,5,121,9,2,120,26,23,21,31,24,22,28,0,0,30,29,111,0,109,114,0,0,112,117,118,119,110,10,17,19,14,15,0,18,0,11,13,20,79,81,83,0,86,82,84,0,78,76,80,35,38,40,39,32,41,34,33,37,36,42
97,0,0,101,96,104,99,105,106,0,98,112,117,115,116,107,0,0,0,0,0,109,0,0,0,56,0,53,61,0,58,0,0,81,0,78,82,83,79,77,84,80,76,74,69,0,73,68,0,66,63,64,67,0,70,16,15,17,12,13,10,14,9,18,11,8,35,0,30,40,0,31,37,34,36,39,0,120,4,118,0,3,0,121,5,6,7,119,19,26,0,23,0,21,27,25,20,22,29,88,90,0,86,95,91,93,94,87,85,89,44,47,49,48,0,50,43,42,46,45,0
0,23,25,24,19,27,22,28,0,26,21,35,40,0,0,0,31,33,34,0,37,32,0,106,0,100,96,97,105,101,0,98,104,4,119,1,5,6,0,0,7,3,120,118,113,0,117,112,109,0,107,108,111,116,114,0,59,61,56,57,54,58,53,62,0,0,79,76,0,0,77,75,81,78,80,0,82,43,48,41,0,47,45,44,49,0,0,0,63,70,72,67,0,0,71,0,64,66,73,0,13,0,0,18,14,16,17,10,0,12,88,91,93,92,85,94,0,86,90,89,95
31,34,0,35,0,38,0,39,40,37,32,0,51,49,50,41,42,0,0,47,48,0,114,0,110,111,107,0,116,112,113,109,0,15,9,12,16,17,13,11,18,14,10,8,3,5,0,0,0,0,118,119,1,0,0,71,70,0,67,0,0,69,64,73,66,63,0,87,85,95,88,86,92,89,91,94,0,54,59,52,57,58,56,0,0,61,0,53,74,81,0,78,79,0,0,80,75,77,0,22,24,26,20,29,25,27,0,21,19,23,99,102,104,103,96,105,98,0,101,0,106
0,56,58,57,52,60,0,61,62,59,54,68,73,71,72,63,64,66,67,0,70,65,15,18,11,0,0,9,17,13,14,0,16,37,31,34,0,39,35,0,40,36,32,30,25,27,0,24,21,0,19,20,0,28,0,93,92,94,89,90,87,91,86,95,0,85,0,109,107,0,110,108,0,0,113,116,115,76,0,74,79,80,0,77,82,83,84,0,96,0,0,100,101,98,104,102,0,0,106,44,0,0,42,51,0,49,50,0,41,0,121,0,5,4,118,6,120,119,2,1,7
42,45,47,46,41,49,0,0,51,0,43,57,0,60,61,0,53,55,56,58,59,54,0,7,121,1,0,119,6,2,3,120,5,0,20,0,0,28,0,22,29,0,21,19,14,0,18,13,10,11,8,9,12,17,15,82,81,83,78,79,0,0,75,84,77,74,0,98,96,0,0,0,103,100,102,105,104,65,0,63,68,69,67,66,0,72,0,64,85,92,94,89,90,87,93,91,86,88,95,33,35,37,0,40,0,38,39,32,30,34,110,0,115,114,107,116,109,108,0,111,0
86,89,0,90,85,93,0,94,0,0,87,101,0,0,0,96,97,0,100,102,0,0,48,51,0,45,41,0,0,46,47,43,49,70,64,67,71,72,68,66,73,69,0,63,58,60,62,57,54,55,52,53,0,61,59,5,4,6,1,2,120,0,119,0,121,118,24,21,19,29,0,0,26,23,25,0,0,109,114,107,0,113,111,110,115,0,117,108,8,15,17,12,0,10,16,14,9,11,18,77,0,81,75,84,0,0,83,76,74,78,0,36,38,0,0,39,32,31,35,34,40
108,111,113,0,0,115,110,116,117,114,109,2,7,5,6,118,119,121,1,3,4,120,70,73,0,67,0,64,72,68,69,0,71,92,86,89,93,0,90,88,95,0,87,85,80,82,84,79,76,0,74,0,78,0,0,27,26,0,0,24,21,25,20,29,22,19,0,43,41,51,44,42,48,45,47,50,0,0,15,8,13,0,12,11,16,0,18,9,30,0,39,34,35,0,38,36,31,0,40,99,101,103,97,106,102,104,105,98,96,100,55,58,0,0,0,61,54,0,57,0,0
64,67,69,0,63,71,0,72,0,70,65,79,84,82,83,0,0,77,0,0,0,76,0,29,0,0,19,20,0,0,25,0,27,48,42,45,49,50,46,44,51,47,43,41,36,38,40,35,32,33,0,0,34,39,37,0,103,0,0,0,0,102,97,106,99,96,2,0,118,0,121,119,4,1,0,0,5,87,92,85,0,91,0,88,0,94,95,86,107,114,116,0,112,0,115,113,108,110,117,55,57,59,53,0,58,0,61,54,52,0,11,14,16,15,8,17,10,9,13,12,18
0,0,3,2,0,5,121,6,7,4,120,0,18,0,17,8,9,0,12,14,15,10,81,84,77,78,0,75,83,79,80,0,0,0,97,0,0,105,101,99,106,102,0,96,0,0,0,0,87,88,0,86,89,94,0,38,37,39,34,35,32,36,31,40,0,30,0,54,52,62,55,53,59,56,58,0,0,21,26,19,24,0,23,0,27,28,0,20,41,48,50,45,0,0,49,0,42,44,51,110,112,114,108,117,113,115,116,109,107,111,66,69,71,70,63,72,65,64,68,67,73
75,78,80,79,74,82,0,83,0,81,76,90,95,93,94,85,86,0,89,91,92,87,37,40,33,34,30,0,39,35,36,0,38,0,53,56,0,61,0,55,62,58,0,52,47,0,0,46,0,44,0,42,0,50,48,115,114,116,0,112,109,113,0,117,110,0,13,0,8,18,11,0,15,12,14,17,16,98,103,96,0,102,0,0,104,105,106,97,118,0,6,1,2,120,5,3,119,121,7,66,68,0,0,0,69,71,72,65,0,67,22,25,27,26,0,28,21,20,24,0,29
9,0,14,0,0,16,11,17,18,0,0,0,29,27,28,19,20,22,23,25,26,0,92,0,0,89,85,86,0,90,91,87,93,114,108,111,115,116,112,110,117,113,109,107,102,104,106,101,98,99,96,97,100,0,103,0,48,50,0,0,43,47,42,51,44,41,68,65,0,0,66,64,70,67,0,72,71,0,37,30,35,0,34,0,38,0,40,31,52,59,0,56,57,54,60,58,53,55,62,121,2,4,119,0,3,5,0,120,118,1,0,80,0,81,74,83,76,0,79,0,84
65,0,70,69,64,72,67,73,74,71,66,80,85,83,84,75,76,78,0,81,0,77,27,30,23,24,20,0,29,25,26,22,28,49,43,46,50,51,47,45,0,48,44,42,0,39,41,36,33,0,31,32,35,40,0,0,104,106,0,102,99,103,0,0,100,97,3,121,119,8,0,120,5,2,4,7,6,0,93,0,91,0,0,89,94,0,96,87,108,115,0,112,113,0,116,114,109,0,118,56,58,60,0,63,59,61,0,55,53,0,12,0,17,16,9,18,11,10,0,13,19
76,0,0,80,75,83,0,84,0,82,77,91,0,94,95,86,87,89,90,92,93,88,38,41,34,35,31,32,40,36,37,33,39,60,54,57,61,0,58,0,63,59,55,53,0,50,52,47,0,0,42,0,46,51,49,116,0,117,112,0,110,114,109,118,0,108,0,0,9,19,12,10,0,13,0,18,0,0,0,0,102,103,101,0,0,106,0,98,119,5,0,0,0,121,0,4,120,1,0,0,0,0,65,0,70,72,73,66,64,0,23,26,0,27,0,29,22,21,25,0,30
0,46,48,47,42,0,45,51,0,49,44,0,63,61,0,53,0,0,0,59,60,55,5,0,0,2,119,0,0,0,4,0,0,0,21,24,28,29,25,23,0,26,22,20,0,17,0,14,11,12,9,10,13,18,16,83,82,84,79,80,77,81,0,85,0,75,102,99,0,107,100,98,104,101,103,106,105,66,71,64,0,0,0,67,72,73,74,0,86,93,95,90,91,88,94,92,87,0,96,34,36,38,32,41,0,39,0,33,0,35,0,114,0,0,108,117,110,109,113,112,118
21,0,0,0,0,28,23,29,30,27,22,36,0,39,40,31,32,0,35,37,38,33,104,0,100,101,97,98,106,102,103,0,105,5,120,2,0,7,0,1,8,4,121,119,0,116,118,0,110,0,108,109,112,117,0,61,60,0,57,58,55,0,54,63,56,53,80,0,75,85,78,0,0,0,81,0,83,0,49,0,47,0,0,0,50,51,52,43,64,71,0,68,0,66,72,70,65,67,74,12,14,16,0,19,0,17,18,11,0,13,0,92,94,93,86,95,0,87,0,90,96
120,2,0,3,119,6,0,7,8,5,121,14,19,17,18,9,10,12,0,15,16,0,82,85,78,0,75,0,84,0,81,77,83,104,98,101,105,106,0,100,107,103,99,97,92,94,96,91,0,0,86,0,90,95,93,39,38,40,0,0,33,0,32,41,34,31,0,0,53,0,56,0,0,57,59,0,61,22,27,20,0,26,24,0,28,0,30,0,42,49,0,46,47,0,50,48,0,45,52,111,113,115,109,118,114,116,117,0,108,112,67,0,72,71,0,73,66,65,0,68,74
98,0,103,102,0,105,100,106,107,0,0,0,0,0,117,108,109,111,112,114,115,110,0,63,56,57,53,54,0,58,0,55,0,82,0,0,83,0,80,78,0,81,77,75,70,72,74,69,66,67,64,65,0,73,71,0,0,0,0,14,11,15,10,19,12,9,36,33,31,41,34,32,38,35,37,40,0,121,5,119,3,4,0,1,6,7,8,0,20,27,29,24,0,0,28,26,21,23,0,89,91,0,87,96,92,0,95,88,86,90,0,48,0,0,42,0,44,0,47,46,52
87,90,0,91,0,0,89,0,96,93,88,102,0,105,106,0,0,0,101,103,0,99,0,52,45,46,42,43,51,47,48,44,50,71,65,68,72,73,69,67,74,70,66,64,59,0,0,58,55,56,53,0,57,62,60,6,5,7,0,3,121,4,120,0,1,119,25,22,0,0,23,21,27,24,26,29,28,0,0,0,0,114,112,111,116,0,118,109,9,16,0,0,14,11,0,0,10,12,0,78,0,82,76,85,81,83,0,0,75,0,34,37,39,38,31,0,0,32,36,35,41
109,112,114,0,108,116,0,117,118,0,0,3,8,6,7,119,0,1,0,4,0,121,71,74,67,68,0,65,73,69,70,66,0,93,87,0,94,95,91,89,96,92,88,86,81,83,0,80,77,0,75,76,79,0,82,0,27,29,24,0,22,26,0,30,23,20,47,44,42,52,45,43,0,46,48,51,0,11,16,0,14,15,13,12,0,0,19,0,31,0,0,35,36,33,39,37,0,34,41,100,102,104,0,107,103,105,106,99,97,0,56,59,61,60,53,62,55,54,0,0,63
10,13,15,14,9,17,12,18,0,16,11,25,30,28,29,20,21,23,24,26,27,22,93,96,0,90,0,0,95,91,92,0,94,115,109,112,116,117,113,111,0,0,110,0,103,0,107,102,0,100,0,98,0,0,104,50,49,0,46,47,44,48,0,52,45,42,69,66,64,0,67,0,71,68,70,73,0,33,38,0,36,37,35,0,0,40,41,0,0,60,0,57,58,55,61,59,54,0,63,1,3,5,0,0,0,0,7,121,119,2,0,81,83,82,75,84,77,76,80,79,85
32,0,37,36,0,39,34,40,41,38,33,47,52,50,51,42,43,45,0,48,0,44,0,118,111,0,0,109,0,113,114,110,116,16,10,0,0,18,14,12,19,15,11,9,0,6,8,3,121,1,119,120,0,7,5,72,71,73,68,69,66,70,65,0,67,64,91,88,86,96,0,0,93,90,92,95,94,55,0,53,0,59,57,56,0,62,63,54,75,0,0,79,80,77,0,0,76,0,85,0,25,27,21,0,26,0,0,22,20,24,100,103,0,0,97,106,0,0,102,0,107
54,57,59,58,53,61,56,62,63,0,55,69,74,72,73,64,65,0,68,0,0,66,16,19,12,13,9,10,18,0,15,11,17,38,32,0,0,40,36,0,41,37,33,31,26,0,30,25,22,23,20,21,24,0,27,0,0,95,0,91,0,92,87,96,0,0,113,110,0,118,111,0,115,112,114,117,116,77,0,75,80,81,79,78,83,84,85,0,97,104,0,101,102,0,0,103,98,0,107,0,47,49,43,0,0,0,0,44,42,46,1,4,6,5,119,7,0,120,3,2,0
5,8,10,9,4,12,7,13,14,0,6,0,25,23,0,0,16,18,0,0,22,0,88,91,84,0,0,82,90,86,87,83,89,110,104,107,111,112,108,0,113,109,105,0,98,100,102,0,94,95,92,93,96,101,0,45,44,0,0,0,0,43,0,0,0,0,64,61,0,69,0,60,66,63,65,68,67,28,33,26,0,32,0,29,34,35,0,27,48,55,0,52,53,50,56,54,49,51,58,117,119,0,115,3,120,1,0,116,114,0,73,0,0,0,70,79,72,71,75,0,80
93,96,0,97,92,100,95,101,0,99,94,0,113,111,112,103,104,0,0,109,110,105,0,58,51,0,0,49,57,53,54,0,0,77,71,74,0,79,75,0,80,76,72,70,0,0,0,64,61,0,0,60,63,68,66,0,11,13,0,9,6,10,5,0,0,4,0,28,0,36,29,0,33,0,0,35,34,0,121,0,119,120,118,117,1,0,0,0,15,0,24,19,0,0,23,21,0,0,25,0,0,88,82,91,87,89,90,0,0,85,40,0,0,44,37,0,39,0,42,41,0
71,74,76,75,70,78,73,0,80,77,72,86,0,89,90,81,82,84,85,87,88,83,33,0,0,0,26,27,35,0,0,28,34,55,49,52,56,57,0,0,58,0,50,48,43,45,47,42,39,40,0,38,41,46,0,0,110,112,107,0,105,109,104,113,106,103,9,0,4,14,0,5,11,8,10,0,0,94,0,0,97,98,96,95,100,101,102,93,114,121,0,0,119,116,1,120,115,117,3,62,64,66,60,0,65,67,68,61,59,63,18,21,0,0,15,24,17,16,0,19,25
49,52,54,53,0,56,51,57,58,55,50,64,69,0,0,59,0,0,0,65,66,61,11,0,7,8,0,5,13,9,0,6,0,33,27,30,34,35,31,29,36,32,28,26,21,0,25,20,17,0,15,16,19,0,22,89,0,90,85,86,83,0,82,91,84,81,108,0,103,113,0,0,110,107,109,0,0,72,77,0,0,0,74,73,78,79,80,71,0,99,101,96,97,94,0,98,93,95,0,40,0,44,38,47,0,45,46,0,0,0,0,120,1,121,114,2,116,115,0,0,0
0,85,0,86,81,89,84,0,0,88,83,97,102,100,101,92,93,95,96,98,0,0,0,0,40,41,0,38,0,42,43,39,45,66,60,63,67,68,64,0,69,65,61,59,0,0,58,0,0,0,48,0,0,57,55,0,0,2,0,119,116,120,115,0,117,114,0,17,15,25,18,16,22,0,21,24,23,105,0,0,108,109,0,106,0,112,113,0,4,11,13,0,9,6,12,10,5,7,14,0,75,77,71,80,0,78,79,72,70,74,29,32,0,0,26,35,28,0,31,30,36
0,41,43,42,37,0,40,46,47,44,39,53,0,56,57,48,0,51,52,0,0,50,121,3,0,0,114,115,2,119,120,116,1,22,16,19,23,24,0,18,25,21,0,15,0,12,14,9,6,7,4,5,8,13,11,78,77,79,0,0,72,76,0,0,73,70,0,0,92,102,95,93,99,96,98,0,100,0,66,0,64,65,63,62,67,68,69,60,0,88,90,85,86,83,89,87,82,0,91,0,31,0,27,36,32,0,35,28,26,0,106,109,111,0,0,0,105,104,0,107,0
0,118,0,119,114,1,117,2,3,121,116,0,14,12,13,4,0,7,8,10,11,6,77,80,73,74,0,71,79,75,0,72,78,99,93,96,100,101,0,0,102,98,0,92,87,89,0,0,83,0,81,82,0,0,88,34,0,35,30,31,28,32,0,36,29,26,53,50,0,0,51,49,55,52,54,57,0,17,0,0,20,0,19,0,23,24,25,16,0,44,46,41,0,0,0,0,0,40,0,106,108,0,104,113,109,0,112,105,103,107,0,65,0,0,59,0,0,60,64,63,0
0,107,109,108,0,111,106,0,113,0,105,119,3,1,2,114,115,0,118,120,0,116,66,69,62,63,59,0,0,64,0,61,67,88,0,85,89,90,0,84,91,0,0,0,76,78,0,0,72,73,70,71,0,0,77,23,0,24,19,20,17,21,16,0,18,15,0,39,37,47,40,38,44,41,0,46,45,6,11,0,9,10,0,7,0,13,0,5,26,0,35,30,31,28,34,32,0,29,0,0,0,99,0,102,98,100,101,0,0,96,51,0,56,55,48,57,50,49,0,0,0
60,0,65,64,0,67,62,0,0,66,0,75,80,78,79,70,0,73,74,76,0,72,22,25,18,19,15,16,24,20,21,0,23,0,38,41,45,46,42,40,47,43,39,37,32,34,36,0,28,29,0,27,30,0,33,100,99,101,96,97,94,0,93,102,95,92,119,0,114,3,117,115,121,118,120,2,1,83,88,81,86,87,85,84,89,90,0,82,0,110,112,107,108,0,0,109,104,106,0,0,53,55,49,0,0,56,0,0,0,0,7,10,0,11,4,13,6,5,0,0,14
16,19,21,20,0,23,18,24,25,0,0,31,36,0,35,26,0,29,0,32,0,28,99,102,0,0,0,93,101,97,98,94,100,121,0,118,1,0,119,0,0,0,116,114,0,0,113,108,105,106,103,104,0,112,110,56,55,0,52,53,50,54,49,58,51,48,75,0,70,0,73,0,77,74,76,79,78,39,44,37,42,43,41,0,45,46,47,38,0,66,0,0,64,0,67,65,0,0,69,7,9,0,0,0,0,12,0,6,4,8,84,87,89,88,81,90,83,82,0,0,91
27,0,32,31,26,34,29,35,36,33,28,0,47,0,46,37,38,40,41,43,0,39,110,113,0,0,103,104,112,108,109,105,111,11,5,8,12,13,9,7,0,10,6,4,120,1,0,0,0,0,114,115,118,0,121,67,66,68,63,0,61,65,60,69,62,59,0,83,0,0,84,82,88,85,87,90,89,50,55,48,53,0,52,51,56,57,58,49,0,77,79,0,75,72,78,76,0,0,80,18,0,0,16,0,21,23,24,0,0,0,95,0,0,99,92,101,94,93,0,96,0
