70,75,80,72,79,76,73,0,74,0,69,71,77,51,49,55,46,45,44,54,52,43,50,53,47,0,7,8,13,0,15,0,9,14,0,10,11,5,0,0,142,146,0,137,138,0,0,135,134,145,139,0,34,39,35,42,32,36,40,30,31,37,33,38,0,0,119,115,116,114,111,108,118,113,0,0,0,0,56,0,58,59,60,61,62,63,0,0,66,67,0,0,154,155,147,159,150,149,0,0,158,0,156,0,0,122,123,124,0,126,127,128,0,0,0,0,133,18,25,23,20,0,0,27,19,26,24,22,29,28,0,2,164,0,166,162,0,169,0,167,160,0,1,0,96,0,97,101,0,103,95,106,100,99,102,0,82,83,84,0,86,87,0,89,0,0,0,93,94
57,0,67,59,66,0,60,0,61,68,56,58,64,0,36,42,33,32,31,41,39,30,37,40,34,35,163,164,0,160,2,162,165,1,0,0,167,161,3,0,129,133,0,124,125,0,0,122,0,132,0,128,0,26,22,29,0,23,27,17,18,24,20,25,0,0,106,102,103,101,98,95,105,100,0,0,107,99,43,44,0,46,47,0,49,50,51,52,53,54,55,144,141,142,134,146,137,136,140,0,145,139,143,135,108,109,0,111,112,113,0,115,0,117,118,119,120,5,12,10,7,0,8,14,6,13,11,9,0,15,0,0,0,0,0,149,155,156,150,154,147,152,0,0,83,0,84,0,85,0,0,93,87,86,89,0,69,70,0,0,73,74,75,76,0,0,0,0,81
148,153,158,150,157,154,151,156,152,159,0,149,155,129,127,0,0,123,122,132,130,0,0,131,0,126,0,0,91,82,93,84,87,92,0,0,0,83,94,0,51,55,52,46,47,49,45,44,43,0,48,50,0,0,113,120,0,0,118,108,109,115,0,0,119,18,28,24,0,23,20,17,27,22,0,0,29,21,134,135,136,137,138,139,140,141,0,143,144,145,146,66,63,64,56,0,59,58,62,60,67,0,65,57,30,31,32,33,0,35,36,37,38,39,40,0,42,0,103,101,0,95,99,105,0,0,102,100,0,106,70,0,73,81,75,71,77,0,72,76,69,74,79,0,0,14,6,10,7,12,0,15,0,8,11,16,0,161,162,163,0,165,0,0,168,169,1,2,3
135,140,145,137,144,141,138,143,139,146,0,136,142,0,114,0,111,110,109,119,117,108,0,118,112,113,72,73,78,0,80,0,74,79,77,75,76,70,81,40,38,42,0,33,34,36,32,31,30,41,35,0,0,104,0,107,97,101,105,95,96,102,0,0,106,0,0,0,12,10,7,4,14,9,13,6,16,8,121,122,123,124,125,126,127,128,129,130,0,0,133,53,50,0,43,0,46,45,49,0,54,48,52,44,17,0,0,20,21,22,23,24,0,26,27,28,29,83,90,88,85,0,0,0,84,91,89,0,94,93,57,67,60,68,62,58,64,0,59,63,0,0,66,0,0,1,162,166,0,168,0,2,165,164,167,0,147,148,0,0,0,152,153,154,155,156,157,0,0
31,36,41,33,40,0,0,39,0,42,30,32,38,12,10,16,0,6,5,15,0,0,11,14,8,9,137,138,143,134,145,0,139,0,0,0,141,135,146,105,103,107,0,98,0,101,0,0,95,106,100,102,0,169,165,3,0,0,0,160,0,0,163,0,2,70,0,76,77,75,0,69,79,74,0,71,81,0,17,18,19,20,0,0,23,0,25,0,27,28,0,118,0,116,108,0,0,110,0,112,119,113,0,109,0,83,84,85,86,87,88,89,90,91,92,93,94,148,155,153,0,147,151,157,149,156,154,152,159,158,122,132,125,133,127,123,129,130,124,128,0,126,131,65,57,66,58,62,0,64,56,67,61,60,63,68,43,0,0,46,47,48,0,50,51,0,53,54,55
109,114,119,0,118,115,0,117,113,120,108,110,116,90,88,0,85,84,83,93,91,82,89,92,86,87,46,47,52,43,0,45,48,53,0,0,0,44,0,14,12,16,13,0,0,10,0,5,4,15,9,11,73,78,74,0,0,75,79,69,70,76,72,77,80,148,158,154,155,153,0,147,157,0,0,0,159,151,95,96,97,98,99,100,101,102,103,104,105,106,107,27,24,25,17,29,20,0,23,21,0,22,26,18,160,161,0,163,164,165,166,167,0,169,0,2,0,57,0,62,0,56,60,66,58,0,63,61,68,67,31,41,34,42,36,32,0,39,33,0,30,0,40,143,0,144,0,140,137,142,0,145,139,0,0,146,121,122,123,124,125,0,0,128,129,0,131,132,133
0,101,106,0,105,0,99,104,0,107,95,97,103,0,75,81,72,71,70,80,78,69,76,0,73,0,33,34,39,30,0,0,35,40,38,36,37,0,42,1,0,3,169,0,164,166,162,0,160,2,165,0,60,65,61,0,58,0,66,0,57,63,0,64,67,135,145,141,142,140,137,134,0,139,0,136,146,0,0,83,84,85,0,87,88,89,90,0,92,93,94,14,11,0,4,0,7,0,10,8,15,9,13,5,0,148,149,150,151,152,153,154,0,156,157,158,159,44,51,49,46,0,47,53,45,0,50,48,0,54,18,28,21,29,0,0,25,26,20,24,0,22,0,130,0,131,123,0,124,129,121,132,126,125,128,0,0,109,110,0,0,113,114,115,0,117,118,119,120
161,166,2,163,1,0,164,169,165,3,160,0,168,142,140,146,137,136,135,145,143,0,141,0,138,139,0,99,104,0,106,97,100,105,103,101,102,96,107,66,64,68,65,59,60,62,0,57,56,0,61,63,125,0,126,133,0,127,0,121,122,128,124,129,132,0,41,37,0,36,33,30,40,0,0,0,42,34,147,0,149,150,151,0,0,154,155,0,0,158,159,79,76,77,0,81,72,0,75,73,80,0,78,70,43,44,45,46,0,48,49,50,0,0,53,54,0,109,116,0,0,108,0,118,110,0,115,113,0,119,83,93,86,94,88,84,90,91,85,89,0,87,92,26,0,0,19,0,20,25,17,28,22,21,24,29,4,5,6,7,8,9,10,0,12,13,14,15,16
18,23,0,20,27,24,21,0,0,0,17,19,0,168,0,3,163,162,161,2,169,160,167,0,0,165,0,125,130,121,0,123,126,0,129,127,0,122,133,92,90,94,91,85,86,88,84,0,82,93,0,89,151,156,152,0,149,0,157,147,148,154,150,155,158,57,67,63,64,62,59,56,66,61,65,0,68,60,4,5,0,7,8,9,10,11,12,13,14,15,16,105,0,103,95,107,98,97,101,0,106,100,104,96,69,0,0,0,0,0,75,76,77,78,79,0,81,0,142,140,137,134,138,144,136,143,141,139,0,0,0,119,112,120,114,0,0,117,111,115,108,0,0,52,44,53,45,49,46,51,43,0,48,47,50,55,0,31,32,33,34,35,36,37,38,39,0,41,42
122,127,132,124,0,128,125,130,126,133,0,123,129,103,101,0,98,97,96,106,104,95,102,0,99,100,0,60,65,0,67,0,61,66,64,62,0,0,68,27,25,0,0,20,21,23,0,18,17,28,22,24,86,91,0,94,84,88,0,82,83,89,85,0,93,161,2,167,168,166,163,160,1,165,169,162,3,164,108,109,110,111,112,113,114,115,0,0,118,119,120,40,0,0,30,42,33,32,36,34,41,0,39,31,4,5,6,7,8,9,10,11,12,13,14,15,16,70,77,75,72,69,0,79,71,78,0,74,81,80,44,54,0,55,49,0,51,0,46,0,43,48,53,156,0,157,149,153,150,155,147,158,152,151,0,159,134,0,0,137,138,139,140,141,0,0,144,145,0
83,88,93,85,92,89,0,91,87,94,82,0,0,64,0,68,59,0,0,67,65,0,63,66,0,0,0,0,26,17,28,19,0,27,25,23,24,18,0,157,0,0,156,150,151,153,149,148,147,158,152,154,47,52,48,0,45,49,53,0,44,50,0,51,54,0,132,128,129,127,124,121,0,126,130,123,133,125,69,70,71,0,73,74,75,76,77,78,0,80,81,0,167,0,160,3,163,162,166,0,2,165,169,161,134,135,136,137,0,0,140,0,142,143,144,145,146,31,38,36,33,30,34,40,32,39,37,35,42,41,5,15,0,16,10,0,12,13,7,11,4,0,14,117,109,0,110,114,111,116,108,119,113,112,115,120,95,96,0,98,99,100,101,102,103,104,105,106,0
0,49,54,46,53,50,0,52,0,55,0,45,51,25,23,29,20,19,0,28,0,0,24,27,21,22,0,0,0,147,158,149,152,0,155,0,0,148,159,0,116,0,0,111,112,114,0,109,108,0,0,115,8,13,9,16,6,10,14,4,5,11,0,12,15,83,93,89,90,88,85,82,92,87,91,84,0,86,30,31,0,33,34,35,36,37,38,39,40,41,42,131,128,0,121,133,124,0,127,125,0,126,0,122,95,96,97,98,99,100,101,102,103,104,105,106,107,161,0,166,163,160,0,1,0,169,0,165,3,2,135,145,138,146,0,136,142,143,137,141,134,139,144,78,70,79,71,75,0,77,0,80,0,73,76,81,56,57,58,59,0,0,62,0,64,65,66,67,0
5,10,15,7,14,11,8,13,9,0,4,0,0,155,153,159,150,149,148,158,0,147,154,0,151,152,111,112,0,108,119,110,113,118,116,0,115,0,120,0,77,81,0,72,73,75,71,70,0,80,74,76,0,143,0,146,136,140,0,134,0,141,0,0,145,44,0,0,51,49,0,43,53,48,0,45,55,0,160,161,162,163,0,165,166,167,168,169,1,2,3,92,89,90,82,94,85,84,88,86,93,87,91,83,56,57,0,59,60,61,62,63,0,65,0,67,68,122,0,127,124,0,0,131,123,130,0,126,133,132,0,0,0,107,0,0,103,104,98,102,95,0,105,0,31,40,32,0,33,0,30,41,35,34,37,0,0,18,19,20,21,22,23,0,25,26,27,28,29
146,151,156,148,0,0,149,154,150,157,0,147,153,127,125,131,122,0,120,0,128,119,126,129,0,124,0,84,89,80,0,82,0,0,88,0,0,81,92,51,49,53,50,0,45,0,0,0,41,52,46,48,110,115,111,118,108,112,116,0,107,0,109,114,0,16,26,22,0,21,18,15,25,20,24,17,0,19,132,133,134,135,136,0,0,139,140,141,0,0,144,0,61,62,54,66,57,0,60,58,65,59,63,55,28,29,30,31,32,33,34,35,36,37,38,39,40,94,0,99,96,0,97,0,95,0,100,98,105,104,68,78,71,79,73,69,75,0,70,74,67,72,77,11,3,12,4,8,5,0,2,0,0,6,9,14,158,159,0,161,0,0,164,165,0,167,168,169,0
107,112,117,109,0,113,110,115,0,118,106,108,114,88,0,92,83,82,81,0,0,0,87,90,84,0,44,45,50,41,52,0,46,51,0,47,48,42,53,0,10,14,0,5,6,0,4,0,2,13,0,9,71,76,72,0,0,0,77,67,68,74,0,75,78,0,156,0,153,151,148,145,155,150,154,0,157,149,93,0,95,96,97,98,99,100,101,102,103,104,105,25,22,23,15,27,0,17,0,19,26,20,24,16,158,159,160,0,162,163,0,165,166,0,0,169,1,55,62,60,57,54,58,0,0,63,61,0,0,0,0,39,0,0,34,0,36,37,31,35,28,0,38,141,133,142,134,138,135,0,132,143,137,136,139,144,119,0,0,122,123,124,125,126,0,0,129,130,0
0,73,78,70,77,74,71,0,72,79,0,69,75,49,47,53,0,43,42,52,50,41,48,51,45,46,5,0,0,0,13,4,7,12,10,8,9,3,14,142,140,0,141,0,136,138,134,133,132,143,0,139,32,37,33,0,0,34,0,28,29,0,0,36,39,0,117,113,114,112,109,106,116,111,115,0,118,110,54,55,56,57,58,0,0,61,0,0,64,65,66,155,152,153,145,157,148,147,151,149,156,150,154,146,119,0,121,122,0,124,125,0,127,0,129,130,131,16,0,0,18,15,19,25,0,0,22,0,0,26,159,169,162,1,164,0,166,167,0,165,158,0,168,102,94,103,0,99,96,101,0,104,0,97,100,0,0,0,0,0,84,0,86,0,0,89,90,0,92
29,34,39,31,38,35,32,37,33,0,28,30,36,10,8,0,5,4,3,13,11,2,9,12,0,0,135,136,141,132,143,134,137,142,140,138,139,133,144,103,101,105,102,96,97,99,95,94,93,104,0,100,0,0,163,1,160,0,0,158,159,165,161,0,0,68,0,0,75,73,70,67,77,72,76,69,79,71,15,16,0,18,19,20,0,22,23,24,0,0,0,116,113,114,106,118,0,0,0,110,117,111,115,107,80,81,82,83,0,85,86,87,88,89,90,91,92,146,153,151,0,0,149,0,147,154,152,150,0,156,120,130,123,131,125,121,127,128,122,126,119,124,129,63,55,64,56,60,57,62,54,65,59,58,0,0,41,42,43,44,0,46,47,0,49,50,51,52,53
133,0,143,0,142,139,0,141,137,0,0,0,140,114,0,0,0,108,107,117,0,106,113,0,0,111,70,71,76,0,0,69,72,0,75,0,74,68,79,38,36,40,37,31,32,34,30,29,28,0,0,35,97,102,98,105,95,0,103,0,94,0,96,0,0,3,13,9,10,8,5,2,12,7,11,4,0,6,0,120,0,122,123,124,0,0,127,0,129,130,131,51,48,49,41,53,44,43,47,45,52,46,0,42,15,16,17,18,0,20,0,0,23,24,25,26,0,81,88,86,83,80,84,90,82,89,87,85,0,91,55,65,58,66,0,56,62,63,57,61,54,59,64,167,159,168,160,0,161,166,158,169,163,162,165,1,145,146,147,148,0,150,151,152,153,154,0,156,157
81,86,91,0,90,0,84,0,0,0,80,82,0,62,60,0,57,56,0,65,63,54,61,64,58,59,18,19,0,15,26,17,20,25,23,0,0,16,27,155,153,157,154,148,149,151,147,0,145,156,0,152,45,50,0,53,43,0,51,41,42,48,44,0,0,120,130,126,127,125,122,119,129,0,128,0,131,123,67,68,69,0,71,72,0,74,75,76,77,78,0,0,165,0,0,1,0,160,164,0,169,163,167,159,132,133,134,135,136,0,138,139,0,141,0,143,0,29,36,34,31,0,32,38,30,37,35,33,40,39,0,0,6,14,8,0,10,0,5,0,2,7,12,115,107,116,108,112,109,114,106,117,111,110,113,118,0,0,0,96,97,98,99,100,101,102,103,104,0
3,8,0,5,12,9,6,11,0,14,0,4,10,153,0,157,0,147,146,0,154,0,152,155,0,150,109,110,115,106,0,108,111,116,114,112,113,0,118,77,75,79,76,0,71,73,69,68,67,78,72,74,136,141,137,144,134,0,142,132,133,139,135,140,143,42,52,48,0,0,44,41,51,46,50,43,53,45,158,0,0,161,162,163,164,165,166,167,0,0,1,90,87,0,80,0,83,82,0,84,91,85,89,81,0,0,0,57,58,59,60,61,62,0,64,0,66,120,127,125,122,119,123,129,121,128,0,124,131,130,94,104,97,105,99,0,101,0,96,100,93,0,103,37,0,38,30,34,31,0,28,0,33,32,35,0,0,16,17,18,19,0,21,0,23,24,25,0,27
55,60,0,57,0,0,58,63,59,66,0,0,62,36,0,40,31,0,0,39,37,28,35,0,0,33,161,162,0,158,0,0,163,168,166,164,165,0,0,129,127,131,128,122,123,125,121,120,0,0,124,126,0,24,20,0,17,0,0,15,16,0,18,23,26,94,104,100,101,99,96,93,103,98,0,95,105,97,41,42,0,44,45,0,47,48,49,50,0,52,53,142,139,140,132,144,135,134,138,136,143,137,141,133,106,107,108,109,110,0,112,0,114,115,116,117,118,3,10,8,5,2,6,12,4,11,9,0,14,13,146,156,149,157,151,0,153,154,148,0,145,150,155,89,81,90,82,0,0,88,80,91,85,84,87,92,0,68,0,70,71,72,73,74,75,76,0,78,79
120,125,130,0,129,126,0,128,124,0,119,121,127,101,99,105,96,95,94,104,0,93,0,0,0,98,57,0,63,54,65,56,0,64,62,0,61,55,66,0,0,27,24,18,19,21,0,16,0,26,20,22,0,0,85,92,0,0,0,80,81,87,83,0,0,0,169,165,166,164,161,0,168,0,167,0,1,162,106,107,108,109,110,111,112,113,0,115,116,117,118,38,35,36,28,0,31,30,34,32,39,33,37,29,2,3,4,0,6,7,0,0,0,11,12,13,14,68,75,73,70,0,71,0,69,76,74,72,79,78,42,52,45,53,47,43,0,50,44,0,41,0,51,0,146,155,147,0,148,0,145,156,150,149,152,157,132,133,134,135,0,137,138,139,140,141,142,143,0
159,164,169,0,168,165,162,0,163,1,158,0,166,0,138,144,135,134,133,143,141,0,139,0,136,0,0,97,102,93,104,0,98,103,101,99,0,94,105,0,62,0,63,0,0,60,56,0,54,65,59,61,123,0,0,131,121,125,0,119,120,126,122,127,0,29,39,35,36,34,0,28,38,33,37,30,40,32,145,146,147,148,149,150,151,152,153,154,155,0,157,77,74,75,67,79,70,69,73,71,78,72,0,68,41,0,0,44,45,0,0,48,49,50,51,52,0,0,114,112,109,0,110,116,108,115,113,0,118,117,81,91,84,92,86,82,88,0,83,0,80,0,90,0,16,0,17,21,18,23,15,26,20,19,22,27,2,3,4,5,6,7,8,9,10,11,12,13,0
42,47,52,44,51,0,45,50,46,53,41,43,49,23,21,27,18,17,0,0,24,15,0,25,19,20,148,149,154,145,156,0,150,155,153,151,152,146,157,0,114,118,115,109,110,112,0,107,106,117,111,113,6,11,7,14,4,0,0,2,3,9,5,10,0,81,91,87,88,86,83,80,90,85,89,82,92,84,28,29,30,0,32,33,0,0,0,37,38,39,40,129,0,0,119,0,0,121,125,123,0,0,128,120,93,94,95,96,97,98,99,100,0,102,103,104,105,159,0,164,161,158,162,0,0,167,165,163,1,169,0,0,0,144,0,134,0,141,135,139,0,137,142,76,0,77,69,0,70,75,67,0,0,0,74,79,54,0,56,57,58,0,60,61,62,0,64,65,66
94,99,104,0,103,100,97,102,98,105,93,95,101,0,0,79,0,69,68,0,0,67,74,77,71,72,31,32,37,28,39,0,33,38,36,34,35,29,40,168,166,1,167,161,162,164,0,0,158,169,0,165,58,0,59,66,56,60,64,54,55,61,57,62,0,0,143,139,140,138,135,132,142,0,141,134,144,136,0,81,0,83,84,85,86,0,88,89,0,0,92,12,0,0,2,14,0,4,8,6,0,0,11,3,145,146,147,148,149,150,151,0,0,154,155,156,157,42,49,0,44,41,0,51,43,50,48,46,53,52,16,26,19,27,21,17,23,0,18,22,0,20,0,128,120,129,0,125,0,127,0,0,124,123,126,131,0,0,0,0,110,0,112,113,114,115,116,0,118
16,21,26,0,0,22,19,24,20,27,15,17,0,166,0,1,161,160,159,169,0,158,165,168,162,163,122,123,128,0,130,121,0,0,127,0,126,120,131,0,88,92,89,83,0,86,0,81,0,91,0,87,0,154,150,157,147,151,155,145,146,152,0,153,156,0,0,61,62,60,57,54,64,59,63,0,66,58,2,3,4,5,6,7,0,9,10,11,0,0,0,103,100,101,93,105,96,95,99,97,0,98,102,94,67,68,69,70,71,72,73,0,75,76,0,78,79,133,140,0,135,132,136,142,0,141,139,0,144,143,107,117,110,118,112,108,114,115,109,113,106,111,116,50,42,0,43,0,44,49,41,52,0,45,0,0,28,29,30,31,32,33,34,35,36,37,38,39,0
104,109,114,106,113,110,107,112,108,115,103,105,111,85,83,89,80,0,78,88,86,0,84,87,0,0,41,42,0,0,49,40,0,48,0,0,45,39,50,9,7,11,8,2,3,5,0,169,168,10,4,6,0,73,69,76,66,70,74,64,65,71,67,72,75,143,153,149,150,148,0,142,0,147,151,144,154,146,90,91,92,93,94,95,96,97,98,99,100,101,102,22,19,20,12,24,15,0,18,16,23,17,21,13,155,156,157,158,159,160,161,162,0,164,165,166,167,52,59,57,54,51,55,61,53,60,0,0,63,62,26,36,29,0,0,27,33,34,28,0,25,30,0,138,130,139,131,0,132,137,129,140,134,133,136,0,116,117,0,119,120,121,0,0,124,0,126,0,128
143,148,0,145,152,0,146,151,147,0,142,144,150,124,122,0,119,118,117,127,125,116,123,0,120,121,0,0,86,77,88,79,82,87,85,83,84,78,0,48,46,0,47,41,0,44,40,0,0,49,43,45,0,0,108,115,105,109,113,103,0,110,106,0,0,13,23,19,0,18,15,12,22,0,21,14,0,16,129,130,131,132,133,134,135,136,137,138,0,140,0,61,58,59,51,63,54,0,57,55,62,0,60,52,25,26,27,28,29,30,0,32,33,34,35,36,37,91,0,96,93,90,94,100,92,99,97,0,102,0,65,0,68,0,70,66,0,0,67,71,64,69,74,8,169,9,0,0,0,7,168,10,4,3,0,11,155,0,157,0,159,160,161,162,163,164,165,166,167
0,161,166,158,165,162,159,164,160,167,155,157,163,137,135,141,132,0,0,140,138,129,136,139,133,134,0,94,99,0,0,92,95,100,98,96,0,91,102,61,59,63,60,54,55,57,53,0,51,62,0,0,120,125,121,128,118,122,126,116,117,123,0,0,127,0,36,32,33,31,28,25,35,30,34,27,37,29,142,143,144,0,146,0,148,0,0,151,0,153,0,74,0,72,64,76,0,66,0,0,0,69,73,0,38,39,40,41,42,43,44,45,46,47,48,49,50,104,111,109,106,103,0,113,105,112,110,108,115,114,78,88,81,89,83,79,0,86,0,0,77,82,0,21,0,22,14,18,15,20,12,23,17,0,19,24,168,169,1,2,0,0,5,6,0,8,0,10,11
52,0,62,54,61,58,55,60,56,63,0,0,59,33,31,37,28,27,26,36,0,0,32,35,29,0,158,0,164,155,166,0,0,0,163,161,0,156,0,126,124,128,125,0,120,122,118,117,116,127,121,123,16,21,0,24,14,18,22,12,13,19,0,20,23,0,101,0,98,96,93,90,100,95,0,0,102,94,0,39,40,41,42,43,0,0,46,47,48,49,50,139,0,137,129,0,132,131,0,133,140,134,138,0,103,104,105,0,107,0,0,110,0,112,113,114,115,169,7,5,0,168,0,0,1,8,6,0,11,10,143,153,146,0,148,0,150,151,0,0,142,147,0,86,78,0,0,0,80,85,77,88,82,81,84,89,0,65,0,67,68,69,70,71,72,73,74,75,76
13,0,23,15,22,0,16,21,17,24,12,14,0,163,161,167,158,157,156,166,164,155,0,165,0,0,119,120,125,116,127,118,0,126,124,122,123,0,128,0,85,89,86,0,0,83,79,0,77,88,0,84,146,151,147,0,144,148,152,142,143,149,145,150,0,52,62,58,59,57,54,51,61,56,60,53,63,0,168,169,1,2,3,0,0,6,0,0,9,10,11,100,97,98,90,102,93,92,96,0,0,95,0,0,64,65,0,0,0,69,0,71,0,73,0,75,76,130,0,135,132,129,0,0,131,138,136,134,141,140,0,114,107,115,0,105,0,112,106,110,103,108,113,47,0,48,40,44,41,46,38,49,43,42,45,50,25,26,27,28,29,0,31,32,33,34,0,36,37
0,44,49,41,0,45,0,47,43,50,38,40,46,20,0,24,15,14,0,23,21,12,19,22,16,17,145,0,151,142,0,144,0,152,0,148,0,143,0,113,111,115,0,106,107,0,105,0,103,114,108,110,3,8,0,11,0,5,9,168,169,6,2,0,10,78,0,84,85,83,0,77,0,82,86,79,89,81,25,26,27,28,0,0,31,32,33,34,0,36,37,126,123,124,0,128,119,118,122,120,127,121,125,117,90,0,92,93,0,0,96,97,98,99,100,101,102,156,163,161,158,155,159,0,0,164,0,160,167,166,130,140,133,141,0,131,137,138,0,0,129,134,139,73,0,74,66,0,67,72,64,0,69,68,71,76,51,52,53,0,0,56,57,58,59,0,61,62,63
0,122,127,0,126,123,0,125,121,128,116,118,124,98,96,0,93,92,91,101,99,90,0,100,0,95,54,55,60,51,62,53,56,0,59,0,58,52,63,22,20,24,21,15,0,18,14,13,12,23,17,19,81,86,82,89,79,83,87,77,78,84,80,85,88,156,166,162,163,0,158,155,165,160,164,157,0,0,103,104,105,0,0,108,0,0,111,112,0,0,115,35,32,0,25,37,0,27,31,0,0,30,34,26,168,169,1,2,3,4,0,6,7,8,9,10,0,65,0,0,67,0,68,0,66,0,71,69,76,75,0,49,0,50,44,40,46,47,0,45,0,43,48,151,143,152,144,148,145,150,142,153,147,0,149,154,0,0,131,132,133,134,135,136,137,138,0,140,141
91,96,0,93,0,0,94,99,95,102,90,92,98,72,70,76,67,66,65,75,73,0,71,74,68,0,28,29,0,0,36,27,30,35,33,31,32,26,37,165,0,167,164,158,0,0,157,156,155,166,160,162,55,0,0,0,0,0,61,0,52,0,54,59,62,0,140,136,137,135,132,129,139,134,0,131,141,133,77,78,79,80,0,82,83,0,0,86,87,88,89,9,6,7,168,0,2,1,5,3,10,4,8,169,142,143,144,145,146,0,148,149,150,151,152,153,0,39,46,44,41,38,42,48,40,47,0,0,0,49,13,23,16,24,18,0,20,0,15,19,0,17,22,125,0,126,118,122,119,124,116,127,121,120,123,0,103,104,105,106,107,0,109,0,111,112,113,0,115
169,5,10,2,9,6,3,8,4,11,168,1,7,150,148,154,145,0,0,153,0,0,0,152,0,147,106,0,112,103,114,105,108,113,111,109,0,104,115,74,72,76,0,67,68,70,66,65,64,0,69,0,133,138,134,141,131,0,139,129,130,136,0,137,140,39,49,45,46,44,0,0,48,43,0,40,50,0,0,156,157,158,159,160,161,162,163,164,165,166,167,87,84,85,77,89,80,79,83,81,88,82,86,0,51,52,53,0,55,56,57,58,59,0,0,62,0,117,124,0,119,116,120,0,118,125,123,0,128,127,91,101,94,102,96,92,98,99,93,0,90,95,100,34,26,35,27,31,28,33,25,36,0,29,32,37,12,0,0,15,0,17,0,19,20,0,22,23,24
0,135,140,0,139,136,0,138,134,0,129,0,137,111,109,115,106,105,0,114,112,103,110,113,0,108,67,0,73,64,75,66,69,74,0,70,71,65,0,35,33,37,34,28,29,0,27,26,25,36,30,0,94,99,95,102,92,96,100,90,0,97,93,98,101,169,10,0,7,5,2,0,9,0,8,1,0,3,0,0,118,119,120,121,122,123,124,125,126,127,128,48,0,0,38,0,41,40,44,42,49,43,47,0,12,13,14,0,16,0,18,19,20,0,0,23,24,78,0,83,80,77,81,0,79,86,0,0,89,0,0,0,0,0,57,53,59,60,0,58,51,56,0,164,156,165,157,0,158,163,0,166,160,159,162,167,142,143,144,145,146,0,148,149,150,151,152,153,0
26,0,36,28,0,32,0,34,30,37,25,27,33,7,5,0,2,1,169,10,8,0,6,9,3,4,132,133,138,129,140,131,0,139,137,135,0,130,141,100,98,102,99,0,94,96,92,91,90,0,95,97,159,164,160,0,157,161,165,155,0,162,158,163,166,65,75,71,72,70,67,64,74,0,73,66,76,68,0,13,14,0,16,0,18,19,20,21,22,23,24,113,0,111,103,115,106,105,109,0,114,0,112,104,77,0,79,80,81,0,83,0,85,86,87,88,89,143,150,148,145,142,146,0,0,151,149,0,154,0,117,127,120,0,122,0,124,125,119,123,116,121,126,60,52,0,0,57,54,59,51,0,56,55,0,63,0,39,40,41,42,43,0,0,46,47,48,49,50
0,83,0,0,87,84,0,86,0,89,0,79,0,0,57,63,0,53,52,62,60,0,58,0,0,56,15,0,21,12,23,14,17,22,20,18,19,13,24,152,150,154,151,145,146,148,144,143,142,153,147,149,42,47,43,0,40,44,48,38,39,45,41,46,0,117,127,123,124,122,119,116,0,121,0,118,128,0,64,65,0,67,68,69,70,0,0,73,0,75,76,165,162,0,155,167,158,157,161,159,0,160,164,156,129,130,131,0,133,134,135,136,137,0,139,140,141,26,33,31,28,25,29,35,27,34,32,30,37,36,169,0,3,0,5,1,7,8,0,6,168,4,9,0,0,113,105,0,0,111,103,114,108,0,110,115,90,91,92,93,0,95,96,0,98,99,100,101,0
65,0,0,67,74,0,68,73,69,76,64,66,72,46,44,50,41,0,39,49,47,0,45,0,42,0,2,0,8,168,10,0,0,9,7,0,6,169,11,139,137,0,138,0,0,135,131,130,129,140,0,136,0,0,0,37,0,0,35,0,26,32,28,0,36,104,114,110,111,109,106,103,113,108,112,105,115,0,51,52,53,0,55,56,57,58,59,60,61,62,63,152,149,150,142,154,145,144,148,146,153,147,0,143,116,117,118,119,120,121,122,123,124,125,0,127,128,13,0,0,15,12,16,22,14,21,0,17,24,23,156,166,159,167,161,157,163,0,158,162,0,160,165,99,91,0,92,96,93,98,90,101,95,94,97,102,77,78,79,80,81,82,83,84,85,86,87,88,89
17,22,27,19,26,23,20,25,0,0,16,18,24,167,165,2,0,161,0,1,168,159,166,169,163,164,123,124,0,120,131,122,125,130,128,126,127,121,132,91,89,93,90,0,85,87,83,82,81,92,86,0,150,155,151,0,148,152,156,146,147,153,149,154,157,56,66,0,63,61,0,55,0,60,64,57,0,59,3,4,5,6,7,0,9,0,11,0,13,0,0,104,101,102,0,0,97,96,100,98,105,0,103,95,68,69,0,71,0,73,74,0,0,77,78,0,80,134,141,139,136,133,0,0,135,0,140,138,145,144,108,118,111,119,113,109,0,0,110,114,107,112,117,0,0,52,44,48,0,50,42,53,47,46,49,54,0,30,31,32,33,34,35,0,0,38,39,0,41
0,61,66,58,65,0,59,64,0,67,0,57,63,37,35,41,0,31,30,0,38,29,0,39,33,34,162,163,168,159,1,161,164,169,0,165,166,160,0,130,0,132,129,123,124,0,122,0,120,131,125,127,20,25,21,28,18,22,26,16,17,0,19,0,27,95,105,101,102,100,97,94,104,0,103,96,106,0,42,43,44,45,46,47,48,49,50,51,0,53,54,143,140,0,133,145,136,0,0,0,144,138,142,134,107,108,109,110,0,0,0,114,115,116,0,118,0,4,11,9,6,0,7,13,0,12,10,8,15,0,147,157,150,158,152,148,154,155,0,153,146,151,156,90,0,0,83,87,84,89,81,92,86,0,88,93,68,69,70,71,72,73,74,75,76,77,78,79,0
95,100,105,0,104,101,98,103,99,106,94,96,102,76,0,80,0,70,0,79,77,68,75,78,72,0,32,33,38,29,40,31,34,39,37,35,36,30,41,169,0,2,168,162,163,165,0,160,0,1,164,166,59,0,60,67,0,0,0,55,56,62,0,63,66,134,144,0,141,139,136,0,143,138,142,135,145,137,81,82,83,84,85,86,0,0,89,90,91,92,93,0,0,11,3,15,6,5,9,7,0,8,12,4,146,147,148,149,150,151,152,153,154,155,156,0,158,43,50,48,45,0,46,52,44,51,49,47,54,53,17,0,0,0,22,0,24,0,0,0,16,21,26,0,121,130,0,126,123,128,120,131,125,124,127,132,0,108,109,110,0,112,113,0,115,116,117,118,119
43,48,53,45,52,49,46,51,47,54,42,44,50,0,22,28,19,18,17,27,25,16,0,26,20,21,149,150,155,146,157,148,151,156,154,152,153,147,158,117,0,119,0,110,111,0,109,0,0,118,112,0,7,12,8,15,0,9,13,0,4,0,6,11,14,82,0,0,89,0,84,81,91,0,0,83,0,85,29,30,31,32,33,34,35,36,0,38,39,40,41,130,127,128,120,0,123,122,126,0,0,125,0,121,0,0,96,97,0,99,0,101,102,103,0,105,0,0,167,165,162,159,163,169,161,168,166,164,2,1,134,144,137,145,139,135,141,142,0,140,133,138,143,77,0,78,70,74,71,76,68,79,0,72,75,80,0,56,0,0,59,0,61,0,63,0,65,0,67
160,165,1,162,169,166,163,168,164,2,0,161,167,141,139,145,136,135,134,144,142,133,140,143,137,138,0,98,0,94,105,96,99,104,0,100,101,95,106,0,0,67,64,58,0,61,57,56,55,0,60,0,0,129,125,0,122,0,130,120,121,127,123,128,131,30,40,36,37,0,32,0,39,34,0,31,0,33,146,147,148,0,150,151,152,153,154,155,156,0,158,78,0,0,68,80,71,70,74,72,79,73,77,0,42,43,44,45,0,47,0,49,50,51,52,53,54,108,0,0,110,107,111,117,0,116,114,112,119,118,0,92,0,0,0,83,0,0,84,0,81,86,91,25,17,26,18,0,19,0,16,27,21,0,23,0,3,4,0,0,7,0,0,10,0,12,13,14,0
0,87,92,84,91,0,85,90,86,93,81,83,89,63,61,67,58,57,56,0,0,55,62,0,59,60,19,20,25,0,27,18,0,26,0,22,23,0,28,156,154,158,155,149,150,152,148,147,146,157,151,153,46,51,47,54,44,48,52,42,0,49,45,50,0,121,131,127,128,126,0,120,130,125,0,0,132,124,68,69,70,71,72,73,74,75,76,77,78,0,80,0,0,167,0,0,0,161,0,0,1,164,0,160,133,134,0,136,0,138,139,0,0,0,0,0,145,30,0,0,32,29,33,39,31,38,36,34,41,40,4,14,7,15,0,5,0,12,6,10,0,8,13,0,0,0,0,113,110,0,107,118,112,111,114,0,94,95,0,97,98,99,100,101,102,0,0,105,106
69,0,79,71,78,75,72,0,0,0,68,0,76,50,48,54,45,44,0,0,0,42,49,52,46,47,6,7,0,3,14,5,8,13,11,9,0,4,15,143,141,145,142,136,137,139,135,134,0,144,0,140,33,0,34,41,31,35,39,29,30,0,32,37,0,0,0,0,115,0,110,107,117,112,116,109,119,111,55,56,57,58,59,60,61,62,63,64,0,0,67,156,153,0,146,158,149,148,152,150,0,151,155,0,120,121,122,123,124,125,126,127,128,129,130,0,132,17,24,22,19,0,20,26,18,25,23,21,28,0,160,1,163,2,165,0,0,168,162,166,159,164,169,103,95,104,96,100,0,102,94,0,99,98,101,106,0,82,83,0,0,0,87,0,89,90,91,92,93
0,0,40,32,39,36,33,38,34,41,29,31,0,11,9,15,0,0,4,14,12,0,0,13,0,8,136,137,142,0,144,135,138,143,141,139,140,0,145,104,102,106,103,97,0,100,96,0,94,105,99,101,0,0,164,2,161,0,169,159,160,166,0,167,1,69,79,75,76,74,71,68,0,0,77,70,80,72,16,17,18,0,20,21,22,23,24,25,26,27,28,117,0,115,107,119,110,0,113,111,118,112,116,108,81,82,0,84,85,0,0,0,89,90,0,92,93,147,154,152,149,146,150,0,148,155,153,0,158,157,121,131,124,132,0,122,128,0,123,127,120,125,0,0,56,65,57,61,58,63,55,0,60,0,62,67,42,43,44,45,46,47,0,0,50,0,52,53,54
4,9,0,6,13,10,0,12,0,0,3,5,11,154,152,158,149,148,147,0,155,146,153,156,150,151,110,0,116,107,0,109,0,117,0,0,0,108,119,78,0,80,77,71,72,74,70,69,68,79,73,0,137,142,0,0,135,139,143,133,134,140,136,141,144,43,53,49,50,48,45,42,0,47,51,44,54,46,159,160,161,0,163,0,165,166,167,168,0,0,2,91,88,89,81,93,84,83,87,85,92,86,90,82,55,56,57,58,59,60,61,62,63,64,65,0,0,121,128,126,123,120,124,130,0,129,127,125,132,131,95,105,98,0,100,0,102,103,97,101,94,99,104,38,30,39,31,35,32,37,0,40,0,33,0,0,0,0,18,19,0,0,0,23,24,25,0,27,28
147,152,0,149,156,153,0,155,151,158,0,148,154,128,126,132,0,122,121,131,129,120,127,130,124,125,84,85,0,81,0,83,86,0,89,87,88,82,93,52,50,54,51,45,46,48,44,43,42,0,47,49,0,116,112,0,109,113,117,107,108,0,110,115,118,17,27,23,24,0,19,0,26,0,25,18,28,20,133,134,0,136,137,138,139,0,141,142,143,0,145,65,62,63,55,67,0,57,61,59,66,0,64,0,0,0,31,32,0,0,35,36,37,38,39,40,41,95,102,0,97,0,98,0,96,103,101,0,0,105,69,79,72,0,74,70,76,0,71,75,68,73,78,12,4,13,5,9,6,11,3,14,0,7,10,15,159,160,161,162,0,164,165,166,167,168,169,1,0
0,139,0,136,143,140,137,142,0,0,133,135,141,115,113,0,0,109,0,118,116,107,0,117,111,0,71,72,77,68,0,70,73,0,76,74,75,69,80,39,0,41,0,32,33,35,0,30,29,40,34,36,98,103,0,106,96,100,104,94,95,101,97,0,105,4,14,10,11,9,6,3,0,8,12,5,15,7,120,121,122,123,124,125,126,127,128,129,130,131,132,52,49,50,0,0,0,0,48,46,53,47,51,43,16,0,18,19,20,21,22,23,24,25,0,27,28,82,89,87,84,81,85,0,83,0,0,0,0,0,56,66,59,0,0,57,63,64,58,62,0,60,65,168,0,169,161,165,162,167,159,0,164,163,166,0,146,147,0,149,150,151,152,153,0,155,156,157,158
108,113,118,110,0,114,111,116,112,119,107,109,115,89,87,93,0,83,82,92,90,81,88,91,0,86,45,46,51,0,0,0,47,0,50,48,49,43,54,13,11,15,12,6,7,0,5,4,3,14,0,0,72,77,73,80,0,74,78,68,69,75,71,76,79,147,0,153,154,152,0,146,156,0,155,148,158,150,94,95,96,97,98,0,0,0,102,103,0,0,106,26,23,0,16,28,19,18,22,20,27,21,25,17,159,160,161,162,0,0,165,166,0,168,0,1,2,56,63,61,58,55,0,0,57,64,0,60,67,0,30,40,33,41,35,31,37,0,0,36,29,34,39,0,134,143,0,139,136,141,133,144,138,137,140,145,0,121,122,0,124,125,126,127,128,0,130,131,132
121,126,131,0,130,127,0,129,125,132,120,122,128,0,100,0,0,96,0,105,103,0,0,104,98,99,0,59,64,55,66,57,0,65,63,61,62,56,0,26,24,0,25,19,0,22,18,17,0,27,21,0,0,0,86,93,0,87,91,81,82,88,84,89,92,0,1,0,167,165,162,0,169,0,168,0,2,163,107,108,109,110,111,112,113,0,115,116,0,0,119,0,0,37,29,41,32,31,35,33,40,34,38,30,3,0,5,6,7,8,9,10,11,12,0,14,15,0,76,0,71,68,72,78,70,77,75,0,80,0,43,53,46,54,48,44,50,51,45,49,42,47,52,0,147,156,148,152,149,154,146,157,0,150,153,158,133,134,135,0,137,138,139,140,141,142,143,0,145
0,39,44,36,0,40,37,42,38,45,0,0,41,15,13,0,10,9,8,18,16,0,14,0,11,12,140,141,0,137,148,139,142,0,145,143,144,138,149,108,106,110,107,101,0,104,100,99,98,0,103,105,167,3,168,6,165,0,0,163,164,0,166,2,5,73,83,79,80,78,0,0,0,77,0,74,84,0,0,21,22,0,24,0,26,27,0,29,30,31,32,121,0,119,0,0,114,113,0,115,122,116,120,112,85,86,87,88,89,90,0,92,93,94,95,96,97,151,0,156,153,150,154,160,152,0,157,155,0,161,125,135,0,136,130,126,132,133,127,131,0,129,134,68,60,69,61,65,62,0,59,70,64,0,66,71,46,47,48,0,50,51,52,53,54,55,56,57,58
0,143,148,0,147,144,0,0,142,149,137,139,145,119,117,123,114,113,112,122,120,111,118,121,115,116,75,76,81,72,0,74,77,0,80,78,79,0,84,43,0,45,42,0,37,39,0,34,0,44,38,0,102,107,0,0,0,0,108,0,99,105,101,106,0,0,18,14,15,13,10,7,17,12,0,9,0,11,0,125,126,127,128,0,130,131,132,133,134,135,136,56,53,54,46,58,49,48,52,0,57,51,55,47,20,0,22,23,24,25,26,27,28,29,30,0,32,86,93,91,0,85,89,95,87,94,0,90,0,96,60,0,63,71,65,61,0,68,62,66,0,64,0,0,164,4,0,169,0,2,163,5,0,167,0,6,150,151,152,0,154,155,0,157,158,159,160,161,162
164,169,5,166,4,0,0,0,0,6,163,165,2,0,143,149,140,0,138,0,0,137,144,147,141,142,101,102,0,98,109,100,0,108,106,104,105,99,0,69,67,0,68,62,63,65,61,60,59,70,0,66,128,0,129,136,126,0,0,124,0,131,127,132,0,34,44,40,41,39,36,33,43,38,42,35,45,0,150,0,152,153,154,155,156,0,158,159,0,161,162,82,79,0,0,0,75,0,0,0,83,77,81,73,46,47,48,49,50,51,52,0,0,55,56,57,0,112,119,117,0,111,115,0,113,120,118,116,123,122,86,0,89,97,91,0,93,0,88,92,85,90,0,29,21,30,22,26,23,28,20,31,25,24,27,32,7,8,9,10,11,12,13,14,15,16,17,0,0
21,26,31,23,30,0,24,29,25,32,20,22,28,2,169,0,0,165,0,5,3,163,0,4,167,168,0,0,133,124,135,126,129,0,132,130,131,125,0,0,93,97,94,0,89,91,0,0,0,96,90,92,154,159,0,162,152,156,0,150,151,0,153,158,161,60,70,66,0,65,62,59,69,0,68,0,71,0,7,8,9,10,11,0,13,14,0,16,17,18,19,0,105,106,98,110,101,100,104,102,109,0,0,99,72,73,74,0,76,77,78,79,80,81,0,83,84,138,0,0,140,0,0,0,0,0,144,0,149,148,112,122,115,123,117,113,119,120,114,0,0,116,121,55,47,56,48,52,49,54,0,0,51,0,0,58,33,34,35,36,0,38,39,40,41,42,43,44,0
112,0,122,114,0,118,115,120,116,123,111,0,119,0,0,97,88,87,86,96,94,0,0,95,0,90,49,50,55,46,0,48,0,56,54,52,0,47,0,17,0,19,16,10,11,0,9,8,7,18,12,0,76,81,77,84,0,78,82,72,73,0,75,80,83,151,161,0,158,156,153,150,0,155,159,152,162,154,98,99,100,101,0,103,0,105,106,107,108,0,110,0,0,28,20,0,23,22,26,24,31,25,0,21,163,164,165,166,167,168,169,1,2,3,4,5,0,60,67,65,62,59,63,69,61,68,0,64,71,70,34,44,0,45,39,0,0,42,36,40,33,38,43,146,138,0,139,143,140,145,0,148,142,141,0,149,124,125,126,0,128,129,0,131,132,133,134,135,136
8,13,18,10,17,14,11,16,12,19,7,9,15,158,156,162,0,152,151,161,0,150,157,160,154,155,114,115,120,0,122,113,116,121,119,117,118,0,123,0,0,0,81,75,76,78,74,0,72,83,77,79,141,146,0,149,139,143,0,137,138,144,140,145,148,47,57,53,54,52,49,46,56,51,0,48,58,50,163,164,165,166,0,0,169,0,2,3,4,5,6,95,92,93,85,0,88,87,91,0,96,90,94,86,59,60,0,0,63,64,65,0,0,68,69,70,71,125,132,130,127,124,0,134,126,133,131,129,136,135,99,0,102,0,104,100,106,107,101,105,98,103,108,42,34,0,35,39,36,0,33,0,38,0,40,45,20,21,22,0,24,25,26,27,28,29,30,31,32
99,104,0,101,108,105,102,0,0,0,98,100,106,80,78,0,0,74,73,0,81,0,0,0,76,77,0,0,42,33,44,0,0,43,0,39,0,34,45,0,2,6,3,166,0,169,165,164,0,0,168,1,63,68,64,71,61,65,0,59,60,66,62,67,70,138,148,0,145,143,140,137,147,142,146,139,0,0,85,86,87,0,89,0,91,92,93,94,95,96,97,17,14,15,7,19,10,9,13,11,18,12,16,8,0,151,152,153,154,155,156,157,158,159,160,161,162,0,54,52,0,46,50,56,48,55,0,51,0,0,21,31,24,0,26,22,0,0,23,27,20,25,30,133,0,134,126,130,127,0,0,135,129,128,0,136,0,112,113,114,115,116,117,118,119,120,121,122,123
47,52,57,0,56,53,0,0,51,58,46,0,54,28,26,0,23,22,21,31,29,20,27,30,24,25,153,0,0,150,161,152,155,160,158,0,157,151,162,0,119,123,120,114,115,117,113,112,111,122,116,118,11,16,12,19,9,13,0,0,8,0,10,0,0,86,96,92,93,91,88,85,95,90,94,87,97,89,33,0,0,36,37,38,39,40,41,42,43,0,45,134,131,132,124,136,127,126,130,128,135,0,133,125,98,99,0,101,102,0,104,0,106,0,108,109,0,164,2,169,166,163,167,4,165,3,1,168,6,0,0,148,141,149,0,139,0,146,140,144,137,142,147,0,0,0,74,78,0,80,72,83,77,0,0,84,0,60,61,62,63,64,65,66,67,68,69,70,71
86,91,96,88,95,92,89,0,90,97,0,87,93,67,65,71,62,61,60,70,68,59,66,69,0,0,23,24,29,0,31,0,25,30,28,26,27,21,32,160,158,162,0,153,154,156,152,151,150,0,155,157,50,55,51,58,48,0,56,0,0,53,49,54,57,125,135,0,132,0,127,124,0,0,133,0,0,128,72,73,0,75,76,77,78,79,80,81,82,83,0,0,1,2,163,6,166,165,0,167,5,168,3,0,137,0,0,140,141,142,143,144,145,146,147,148,149,34,41,39,36,33,37,0,35,42,40,0,45,44,8,18,11,0,13,9,15,16,0,0,0,12,17,120,112,121,0,0,114,119,111,0,0,115,118,123,98,99,0,101,102,0,0,0,106,0,0,109,0
73,78,83,0,82,79,76,0,77,84,0,74,0,54,52,58,0,48,47,57,55,46,53,0,50,51,10,0,0,0,0,0,12,17,0,13,14,8,19,147,145,149,0,140,141,143,0,138,137,148,142,0,37,42,38,45,35,0,43,33,34,40,36,41,44,0,122,118,119,117,114,111,121,116,120,113,123,115,59,0,61,62,0,64,65,0,67,68,69,0,71,160,157,158,0,162,153,0,0,0,161,155,159,151,124,125,126,127,128,0,130,0,0,133,0,135,136,21,0,26,23,20,24,30,22,29,27,25,32,31,164,5,167,6,169,165,0,0,0,1,163,168,4,107,99,108,100,0,101,106,98,109,103,0,105,110,85,86,87,0,89,0,91,0,0,94,95,96,97
151,156,161,153,160,157,154,159,155,162,150,152,158,132,130,136,127,126,125,135,133,124,131,134,128,0,88,0,94,85,96,0,90,0,0,91,92,86,97,56,0,58,0,49,50,0,48,0,46,57,51,53,0,120,116,123,113,0,121,111,112,118,0,119,0,21,31,27,0,26,23,20,30,25,0,0,32,24,137,138,139,0,0,142,143,144,0,0,147,148,149,69,66,0,59,0,62,61,0,63,70,64,0,60,33,34,35,36,37,0,39,40,41,42,0,44,45,99,106,104,101,98,102,0,100,107,105,0,110,0,73,83,76,84,78,74,80,81,75,0,0,77,82,16,8,0,9,13,10,15,7,0,12,11,14,0,163,0,165,166,0,0,169,0,0,3,4,5,0
60,65,70,62,0,66,63,68,64,0,59,0,67,41,0,45,36,35,34,44,0,33,40,43,0,38,166,167,3,0,0,0,168,4,0,169,1,0,6,0,132,136,133,127,128,130,126,125,0,0,129,131,24,0,25,32,0,26,0,0,21,27,0,28,31,99,0,105,106,104,101,98,108,103,107,100,110,0,46,47,48,49,0,0,0,53,54,55,56,57,0,147,144,145,137,149,140,139,0,141,0,142,146,138,111,112,113,114,115,116,117,118,119,120,121,122,123,8,15,13,10,7,0,17,0,16,14,0,19,18,151,0,154,162,156,0,158,159,153,157,150,155,160,94,86,95,87,91,88,93,85,0,90,89,92,97,0,73,0,75,76,77,78,0,80,81,82,83,0
125,130,135,0,134,131,128,133,129,136,124,126,132,106,0,110,101,0,99,109,107,98,105,108,102,103,62,63,68,59,70,0,64,69,67,0,66,60,71,30,28,32,29,23,24,0,22,21,20,31,25,27,0,94,90,97,87,91,95,85,0,92,0,0,96,164,5,0,2,169,166,163,4,0,3,165,6,0,111,112,0,114,115,0,0,118,119,120,0,0,123,43,40,41,33,0,0,35,39,37,44,38,0,34,7,0,9,10,11,12,13,0,15,16,17,18,19,73,80,78,75,72,0,82,74,0,79,77,0,83,0,57,50,58,52,48,0,0,49,0,46,51,0,159,151,160,152,156,153,158,150,161,155,0,157,162,137,138,139,140,141,142,0,144,145,146,147,148,149
0,0,168,160,167,164,0,166,162,0,0,0,165,139,0,143,134,133,132,0,140,131,138,141,135,136,95,96,101,92,103,94,0,102,0,98,99,93,104,63,61,0,62,56,57,59,55,54,53,64,0,60,122,127,123,130,120,0,128,118,0,125,121,126,0,28,38,0,35,33,30,0,0,0,36,29,39,31,144,145,146,0,148,0,150,0,152,153,154,155,156,76,73,74,66,78,69,68,72,70,77,71,75,67,40,41,42,43,44,45,46,47,48,49,50,0,52,106,113,111,108,0,0,115,107,0,112,110,117,116,80,0,83,91,85,0,0,88,0,86,79,84,89,23,0,24,16,20,0,22,14,25,19,18,21,26,1,2,3,4,0,6,7,8,9,10,0,12,0
145,0,155,147,154,151,148,153,149,156,0,146,152,126,124,130,121,120,119,0,127,118,125,128,0,123,82,0,0,79,90,81,84,0,87,85,86,80,0,50,48,52,0,43,0,0,0,41,40,51,45,47,109,114,110,117,107,111,115,105,106,112,0,113,116,15,0,21,22,20,17,14,24,19,0,16,26,18,131,132,133,134,135,136,137,138,139,140,141,142,143,63,60,61,53,0,56,55,59,57,0,58,0,54,0,28,29,30,31,32,0,0,35,0,37,0,39,93,0,0,95,0,96,102,94,101,99,97,104,103,67,77,70,0,72,68,74,0,0,73,66,71,0,10,2,11,3,0,0,9,1,12,6,5,0,0,0,0,159,160,161,0,163,164,165,166,167,168,0
132,0,142,134,0,138,135,140,136,143,131,133,139,113,111,0,0,107,106,116,114,105,112,115,109,110,69,70,75,66,77,68,71,0,0,72,73,67,0,0,0,39,36,30,31,33,29,28,27,38,0,34,96,0,97,0,0,98,102,92,93,99,95,100,0,2,12,8,9,7,4,1,11,6,0,3,0,5,118,0,120,0,122,123,0,0,0,127,128,129,130,0,47,48,40,52,0,42,46,44,51,45,0,41,0,15,16,17,18,19,0,21,22,23,24,25,26,0,87,85,82,79,83,89,81,88,0,84,91,90,54,64,57,65,59,0,0,62,56,60,53,58,63,166,0,167,159,163,160,165,157,168,162,0,164,0,144,145,146,147,148,0,150,151,152,0,154,155,0
119,0,129,121,0,125,122,127,0,0,118,120,126,100,98,104,0,94,0,0,0,92,99,102,0,97,56,57,62,53,64,0,58,63,0,59,0,54,0,24,22,26,23,0,18,20,16,15,14,25,0,21,83,88,84,91,0,0,0,0,80,86,0,87,90,158,168,164,165,163,0,157,0,162,166,159,169,161,105,106,107,108,109,110,111,112,113,114,115,116,117,37,34,35,0,39,30,29,0,31,38,32,0,28,0,2,3,4,5,6,7,8,0,10,11,12,0,67,74,72,0,0,70,76,68,75,73,71,78,0,41,51,44,0,46,42,48,49,43,47,40,45,50,153,145,154,146,0,147,0,144,155,149,148,0,0,131,132,133,134,135,136,137,138,139,140,141,142,143
106,111,116,108,115,112,109,114,110,117,105,107,113,87,85,91,82,81,80,90,88,79,86,0,83,0,0,44,0,40,0,42,45,0,48,46,47,41,52,11,0,13,10,4,5,0,0,2,1,0,6,8,70,75,71,78,68,72,76,66,0,73,69,74,77,0,155,151,152,150,147,144,0,149,153,146,156,148,92,93,94,0,96,97,98,99,0,101,102,103,104,24,21,22,0,26,0,0,20,18,25,19,23,15,157,158,159,160,161,162,163,0,165,166,167,0,169,54,61,59,0,53,0,63,0,62,60,58,65,64,28,0,31,39,0,29,35,36,0,34,27,32,0,140,0,141,133,137,134,139,131,142,136,135,0,0,118,119,120,0,122,0,124,125,126,0,0,129,130
93,0,103,95,102,99,96,101,97,104,92,94,0,74,72,78,69,68,67,0,75,66,73,0,70,71,0,0,36,27,38,29,32,0,35,0,34,0,39,167,0,169,166,160,161,163,159,158,157,0,162,0,57,0,58,65,0,0,63,0,54,60,56,61,64,132,142,138,139,137,134,131,141,0,0,0,0,135,79,80,81,82,83,0,85,0,87,88,0,90,91,11,8,9,1,13,4,3,7,5,12,0,10,2,144,0,146,147,148,149,150,151,152,153,154,155,156,41,48,46,0,0,44,50,0,49,47,45,0,51,15,25,18,0,20,16,22,0,17,21,14,19,24,0,0,128,120,124,121,126,118,0,0,122,125,130,105,106,107,108,109,110,111,112,113,114,115,116,117
80,85,0,0,0,86,83,88,0,91,79,0,87,61,59,0,56,55,54,64,0,53,60,63,57,58,0,18,23,14,0,0,0,24,22,20,21,15,26,154,152,156,0,147,0,150,146,145,144,155,149,0,44,49,45,52,0,46,50,40,0,47,43,48,51,0,129,125,126,124,121,0,128,123,127,120,0,122,0,67,68,0,70,71,0,73,74,75,76,77,78,0,0,0,157,169,160,159,163,161,0,162,166,158,131,132,0,0,135,136,137,0,139,140,141,142,0,28,35,33,30,27,31,37,0,36,34,0,39,38,2,0,5,13,7,3,9,10,0,8,1,6,11,114,0,115,107,111,108,113,105,0,110,109,112,0,92,93,94,95,96,0,98,0,100,0,102,103,104
67,0,0,69,76,73,70,0,71,78,66,68,74,0,46,0,43,42,0,51,49,0,47,0,0,0,0,5,0,1,12,3,0,11,9,7,0,2,13,141,0,143,140,134,0,137,133,132,131,0,136,0,31,0,32,39,29,33,37,0,0,0,30,0,38,106,116,112,113,111,108,105,115,110,114,107,117,109,53,54,0,56,57,58,59,60,61,0,63,64,65,154,151,0,144,156,0,146,150,148,0,149,153,145,118,0,120,121,122,123,124,125,126,127,128,129,130,15,22,0,17,14,18,24,16,23,21,19,26,25,158,168,161,0,0,159,0,166,0,164,157,162,167,101,93,102,0,98,95,100,92,103,97,96,0,104,79,80,81,0,83,0,85,0,87,88,89,0,91
54,0,64,0,0,60,57,62,58,0,53,55,61,35,0,39,30,29,28,38,36,27,34,37,31,32,0,161,0,157,0,159,162,167,165,163,164,0,169,0,126,130,127,121,122,124,0,119,0,129,123,125,0,23,0,26,16,20,24,14,15,21,0,22,25,93,103,99,0,98,95,92,0,97,101,94,104,96,40,41,42,43,44,0,46,47,48,49,50,51,0,141,138,139,131,143,134,133,0,135,0,136,140,0,0,106,0,108,109,110,111,112,0,114,0,0,117,2,0,7,4,1,0,11,3,10,0,0,13,12,0,155,148,0,0,146,152,153,147,151,144,149,154,0,80,0,81,0,82,87,79,90,84,0,86,0,66,67,68,69,0,71,0,73,74,0,76,77,78
0,0,51,0,50,47,44,49,0,52,0,42,48,22,20,26,17,0,15,25,23,0,0,24,0,19,147,148,153,0,155,146,149,154,152,150,151,145,156,0,113,0,0,0,109,111,107,106,0,116,110,0,5,0,6,13,3,7,11,1,2,8,4,0,12,80,90,0,87,85,0,79,89,84,88,0,91,83,0,28,0,0,0,32,33,34,35,36,37,38,39,0,0,0,118,130,121,120,124,122,129,123,127,119,92,93,94,0,96,97,98,99,100,101,102,103,104,158,165,163,160,157,161,167,159,166,164,0,169,168,132,0,135,143,137,133,139,0,134,138,131,0,141,75,67,76,68,72,69,74,66,77,71,70,73,78,53,54,0,56,57,0,59,60,0,62,63,64,65
0,33,38,30,0,34,31,36,0,0,27,29,35,0,7,13,0,3,2,12,10,0,8,11,5,6,0,135,140,0,0,133,136,141,139,137,138,132,143,102,100,104,101,95,96,98,94,93,0,103,97,99,161,166,162,169,159,163,167,157,158,164,160,165,168,67,77,73,74,72,69,0,76,71,75,0,78,70,14,15,16,17,18,19,0,21,0,0,24,25,0,115,0,113,105,117,108,107,111,109,0,0,114,106,79,80,81,0,83,84,0,86,87,88,89,90,91,145,0,150,147,144,0,154,0,153,0,149,156,155,0,129,122,130,124,120,126,0,121,125,0,123,128,62,54,63,55,59,56,0,53,64,58,0,60,65,40,41,42,0,44,45,46,47,48,49,0,51,52
15,20,25,17,24,21,18,23,19,26,14,16,22,165,163,169,160,0,158,168,166,0,0,167,161,162,121,122,127,118,129,0,123,128,0,124,125,119,130,0,0,0,88,82,83,85,0,80,79,0,84,86,148,153,149,156,0,150,0,144,145,151,0,0,0,54,0,60,0,59,0,0,0,58,62,55,65,57,0,2,0,0,5,0,7,8,9,10,11,12,0,102,99,100,92,104,95,94,0,96,0,97,101,93,66,67,68,0,70,71,72,73,74,75,0,77,78,132,0,0,134,131,135,141,133,140,138,136,143,142,106,116,109,0,111,107,113,114,0,112,105,110,115,49,0,50,42,46,43,48,0,51,0,44,47,52,0,0,0,30,0,32,0,34,35,0,37,38,39
2,7,12,4,11,8,5,10,0,13,1,3,9,152,150,156,147,146,145,155,153,144,151,154,148,149,108,109,114,105,116,107,110,0,0,111,112,106,117,76,74,0,75,69,70,72,0,67,66,77,71,73,135,140,136,0,133,137,141,131,132,138,134,139,142,41,51,47,48,46,43,40,50,45,49,42,52,44,157,0,0,160,161,162,0,164,165,166,0,168,169,89,0,87,0,91,82,81,85,83,90,84,88,0,0,54,55,56,57,58,0,60,0,62,63,64,0,119,126,124,121,118,0,0,120,127,125,123,130,0,93,103,0,0,98,94,100,101,95,0,92,97,102,0,28,37,0,33,30,35,27,0,32,31,34,0,14,0,0,17,18,19,20,21,22,0,24,25,0
0,162,0,0,166,163,0,0,161,168,0,158,164,138,136,142,0,132,131,141,0,130,0,140,134,0,0,95,100,91,102,93,0,0,0,97,98,92,103,0,60,64,61,55,0,0,0,53,0,63,0,59,0,0,0,129,0,123,0,0,118,124,120,0,128,0,37,33,34,32,29,26,36,31,35,28,38,0,143,144,145,146,0,0,149,0,151,152,153,154,155,75,72,73,65,77,68,67,71,69,76,70,74,0,39,0,41,42,43,44,45,46,47,48,49,0,51,105,0,0,107,104,108,114,106,113,111,109,116,115,79,0,82,90,84,0,86,87,81,85,78,83,0,0,14,0,15,19,16,21,13,24,18,17,0,25,0,1,2,3,4,5,6,0,8,9,10,11,12
14,19,24,16,23,20,0,22,0,25,13,0,0,0,162,0,159,158,157,167,0,0,0,166,0,161,120,0,0,0,128,119,122,127,0,123,124,118,129,0,86,90,87,0,82,84,80,79,0,89,83,85,147,152,148,155,0,149,153,143,0,0,146,151,154,53,0,59,60,58,55,52,62,57,61,54,64,56,0,0,2,3,4,0,6,7,0,9,10,11,12,101,98,99,91,103,94,93,97,95,102,96,100,92,65,66,67,0,0,70,71,0,0,0,0,76,77,131,0,136,0,130,134,0,132,0,0,0,142,141,105,115,108,116,0,106,0,113,107,111,104,109,114,48,40,0,41,45,42,47,0,0,44,43,46,0,26,27,28,0,30,31,32,33,34,35,36,37,38
0,6,0,3,10,7,4,9,5,12,0,2,0,151,0,155,0,145,0,154,152,143,0,153,0,148,107,0,113,0,0,106,109,114,112,110,111,105,116,75,73,77,74,68,69,0,0,0,65,0,70,0,134,139,0,142,0,136,140,130,131,0,133,138,141,40,50,46,47,45,42,39,49,44,48,41,51,43,0,157,158,159,160,161,162,163,164,165,166,167,0,88,0,86,78,90,81,80,0,82,89,83,0,79,52,53,54,55,56,57,58,0,60,0,62,0,64,118,125,123,120,0,121,127,119,126,124,122,129,128,92,0,95,0,0,0,99,0,94,98,91,96,0,0,27,36,0,0,29,0,26,37,31,30,33,38,13,14,15,16,17,18,0,20,21,0,0,24,25
0,0,37,0,36,33,30,35,31,38,0,28,34,0,0,0,3,2,1,0,9,169,7,10,4,0,133,134,139,130,141,0,135,140,138,136,137,131,142,101,99,103,100,94,95,97,93,92,91,102,96,98,160,165,161,168,158,162,166,156,157,163,159,164,167,66,76,72,73,0,68,0,75,70,74,67,77,69,13,14,0,16,17,18,19,0,21,22,23,24,25,114,111,112,104,116,0,0,110,108,115,109,113,105,78,79,80,81,82,0,84,85,86,0,0,89,90,144,151,0,0,0,0,153,0,152,150,148,155,154,118,0,121,0,0,0,125,0,120,124,117,122,127,61,53,62,0,0,0,60,0,63,57,0,59,0,39,40,41,0,43,44,0,46,47,0,0,50,0
0,136,141,133,140,137,0,139,135,142,0,132,138,112,110,116,0,106,105,0,0,0,0,0,0,109,68,69,74,65,76,67,0,0,0,71,0,66,77,0,34,38,35,29,30,32,0,27,26,37,0,33,0,100,96,103,93,97,101,91,92,0,94,99,102,1,11,0,8,6,3,169,10,5,9,2,12,4,117,118,119,120,121,122,0,0,125,0,127,128,129,49,46,47,39,51,42,41,45,43,50,44,0,40,13,14,15,16,0,18,19,20,21,0,23,0,0,79,0,84,81,0,82,88,0,87,85,0,90,0,0,63,56,64,58,54,60,61,0,0,52,57,62,165,0,166,158,162,159,164,156,167,0,160,163,168,143,144,145,146,147,148,149,150,0,152,153,154,0
144,149,154,0,153,0,147,152,148,155,143,145,151,0,123,129,0,119,118,0,126,0,0,127,0,122,81,82,87,78,89,80,83,88,86,84,85,0,0,49,47,51,48,42,43,0,41,0,39,50,44,46,108,113,109,116,106,110,114,104,0,111,107,112,115,0,0,20,0,19,16,13,0,18,0,15,25,17,0,131,132,133,0,135,136,137,138,139,140,0,0,62,59,60,52,64,55,54,0,56,63,57,61,53,26,27,28,0,0,31,32,33,34,0,36,37,38,0,99,97,94,91,0,101,93,100,98,0,103,102,66,0,69,77,71,67,73,0,68,0,65,0,75,9,1,0,2,6,3,8,169,11,0,4,7,12,156,157,158,0,160,161,162,0,164,165,0,167,0
40,45,50,42,49,46,43,48,44,0,39,41,0,21,0,25,16,15,14,24,22,13,0,23,0,18,146,147,152,143,154,0,0,153,151,0,150,144,155,114,0,0,113,107,108,110,106,105,104,0,109,0,4,9,5,12,2,6,0,0,1,7,3,8,11,79,0,85,86,84,81,78,88,83,87,80,90,82,0,0,28,0,30,31,32,33,34,35,36,37,38,127,124,0,117,0,0,119,123,121,0,122,126,118,91,92,93,94,95,96,0,0,99,0,0,0,103,157,164,162,159,156,160,0,158,165,163,161,168,167,131,141,0,142,0,0,138,139,133,0,130,0,0,74,0,75,0,0,0,0,65,76,70,69,72,77,52,0,54,55,56,0,0,59,60,0,0,63,64
0,123,0,0,127,124,121,126,122,129,117,119,125,99,0,103,0,93,0,102,100,91,0,101,0,96,55,56,0,0,63,54,57,62,60,0,0,53,0,0,21,0,22,16,17,19,0,14,0,0,18,20,82,87,83,0,80,84,0,0,79,85,81,86,0,157,167,163,164,162,159,156,166,161,0,158,168,160,104,105,106,107,0,109,110,111,112,113,114,0,116,36,0,34,0,0,29,28,0,30,37,31,35,27,169,1,2,3,4,5,0,7,8,9,10,11,12,66,73,0,68,65,69,75,67,74,0,70,77,0,0,50,43,51,45,0,47,48,42,46,39,44,49,0,144,153,145,149,0,151,143,154,148,0,150,155,130,131,132,133,134,135,136,137,138,0,140,141,142
66,71,76,0,75,72,69,74,70,77,65,67,73,47,45,51,0,41,0,50,48,39,46,49,43,44,3,0,9,169,11,2,5,10,8,6,7,1,0,0,138,142,139,0,134,136,132,131,130,141,135,137,30,0,31,38,28,32,0,26,27,33,29,34,37,0,115,111,112,110,107,104,0,0,113,106,116,108,0,0,54,55,0,0,0,59,0,61,62,63,64,153,0,151,0,155,0,0,149,147,154,148,152,144,117,118,119,0,121,122,123,0,125,126,127,128,129,14,21,0,16,13,17,23,15,0,20,18,25,0,157,167,160,168,0,158,164,0,159,163,0,161,166,100,0,101,93,97,94,99,91,102,0,95,98,103,78,79,80,81,82,83,84,85,0,0,88,89,90
53,58,63,0,62,59,0,0,57,0,52,54,60,34,0,38,0,0,27,37,0,26,33,0,30,31,159,160,165,156,167,0,161,166,164,162,163,157,168,127,125,129,126,120,0,123,119,118,117,128,0,124,17,22,18,25,0,19,23,13,0,20,16,21,24,92,102,98,0,97,94,91,101,96,100,93,0,95,39,40,41,42,43,44,0,0,47,48,49,0,51,140,137,138,130,142,133,132,136,134,0,135,139,131,0,105,0,107,108,109,0,111,112,113,114,115,116,1,0,6,3,169,4,10,2,9,7,5,0,11,144,154,147,155,0,0,0,152,146,150,143,148,153,0,79,88,80,0,81,86,0,89,83,0,85,90,0,66,67,68,0,0,0,72,73,0,0,0,77
0,0,115,107,114,111,108,113,109,116,104,106,0,0,84,90,81,80,79,89,87,78,0,88,82,83,0,43,48,39,50,41,44,49,0,45,46,40,51,10,8,12,9,3,0,6,2,1,169,11,0,7,69,74,0,77,67,71,75,0,66,72,68,73,76,144,154,0,151,149,146,143,153,0,0,145,155,147,91,92,93,0,95,96,0,98,99,100,0,102,103,23,20,21,13,25,16,15,19,17,24,0,22,14,156,157,158,0,160,0,162,163,164,165,166,0,168,0,60,58,55,52,56,62,54,0,59,57,64,63,0,37,30,38,32,28,34,35,0,0,0,31,36,139,131,140,132,0,133,138,130,0,135,134,137,142,117,118,0,120,121,122,123,124,125,0,127,128,129
79,0,0,81,0,85,82,0,83,90,0,80,0,60,58,64,55,54,53,63,61,52,59,62,0,57,16,17,0,13,24,15,18,0,21,19,20,0,25,153,0,155,152,146,0,0,145,144,0,154,148,150,0,48,44,51,41,45,0,39,0,46,0,47,0,118,128,124,125,123,0,117,127,122,0,119,129,121,65,66,0,68,69,70,0,72,73,74,0,76,77,166,163,164,156,168,159,158,162,160,167,161,165,0,130,131,132,133,0,0,136,0,138,139,140,141,0,27,34,32,29,0,30,36,0,35,33,31,0,37,1,0,0,12,6,2,8,9,3,7,169,5,0,0,105,114,106,110,107,112,0,115,109,108,111,0,91,92,93,0,95,96,97,98,0,100,101,102,103
0,97,102,94,101,98,95,100,96,103,91,0,99,73,0,77,68,67,66,76,74,0,72,75,69,70,0,0,35,26,37,28,31,36,34,32,0,27,0,166,164,168,165,159,160,0,158,157,156,167,161,163,56,61,0,64,54,58,62,52,53,59,0,60,63,131,141,137,138,136,133,130,0,135,139,132,142,134,78,79,80,0,82,0,84,0,86,87,88,89,90,10,7,8,169,12,3,2,0,4,11,5,9,0,143,144,0,0,147,148,149,150,151,0,153,154,155,40,0,0,42,0,43,49,0,0,46,44,51,0,14,24,17,25,19,15,21,22,16,20,13,18,23,126,118,127,0,123,120,125,117,128,122,121,0,129,104,0,106,0,108,0,110,0,112,113,0,0,116
48,53,58,0,57,54,0,56,52,59,47,49,55,29,0,33,24,23,22,32,30,0,0,31,0,0,154,155,160,151,162,153,0,161,159,157,0,0,163,0,0,124,121,0,116,0,114,113,112,123,117,119,12,0,13,20,0,14,0,8,9,15,11,16,0,87,97,93,94,92,89,86,96,91,95,88,0,90,34,35,36,37,38,39,40,0,0,0,44,45,46,135,132,133,125,137,128,127,0,129,136,130,134,126,99,100,0,102,103,104,105,106,0,108,109,110,111,0,3,1,167,164,168,5,0,4,2,169,7,6,139,149,142,150,144,140,146,147,141,145,138,0,148,82,0,83,75,79,76,81,0,84,78,0,0,85,60,61,62,63,0,65,66,0,68,69,70,71,72
61,66,71,63,70,67,64,0,65,72,0,0,68,42,40,46,37,36,0,45,43,34,41,0,38,0,0,168,0,164,0,0,169,0,0,1,2,0,7,135,133,137,134,0,129,0,0,126,0,136,130,132,0,30,26,0,0,27,31,21,22,0,0,29,32,100,0,0,107,0,0,99,0,104,108,0,111,103,47,48,49,50,51,52,53,54,55,0,57,58,0,148,145,0,138,150,141,140,144,142,149,143,0,139,112,0,114,115,0,117,0,119,120,121,122,123,124,9,0,14,11,8,12,18,10,17,15,13,0,19,152,162,155,0,157,153,159,160,154,158,151,156,161,95,0,96,88,92,89,94,86,97,91,90,93,98,73,0,75,76,77,78,0,80,81,82,83,0,85
0,27,32,24,31,28,25,30,26,33,0,23,29,3,1,7,167,166,165,0,4,0,2,5,168,169,128,129,134,125,136,127,130,135,133,0,0,126,137,96,94,98,95,89,90,92,0,87,86,97,91,93,155,160,156,163,153,157,161,151,152,158,154,159,162,61,71,67,0,0,63,60,70,65,69,0,72,64,8,9,0,0,12,13,14,15,16,17,18,19,20,109,106,0,99,111,102,101,105,103,110,104,108,100,0,74,75,76,77,0,79,80,81,82,0,84,85,139,146,0,141,138,142,0,140,0,145,143,150,149,113,0,116,124,0,114,0,121,115,0,112,0,122,56,0,57,0,53,50,55,0,0,52,51,54,59,0,35,0,37,38,39,40,41,42,43,0,45,46
87,92,97,89,96,93,90,95,91,0,86,88,94,68,66,72,63,0,61,71,69,60,67,70,64,65,24,25,30,21,32,0,0,31,29,0,28,0,33,0,159,163,160,0,155,157,153,152,151,162,156,0,51,0,52,59,0,53,57,0,0,54,50,0,58,126,0,132,133,131,128,0,135,130,134,127,137,129,73,0,0,0,0,78,79,80,0,82,83,84,85,5,2,3,0,7,167,166,1,168,0,169,4,0,138,139,140,141,0,143,144,145,146,0,148,149,150,35,42,40,37,34,38,44,36,43,41,39,46,45,0,19,12,0,14,0,16,17,11,15,0,13,0,121,113,0,114,0,115,0,112,123,0,116,119,124,0,100,101,102,0,104,105,106,107,108,109,110,111
0,0,45,37,44,41,0,43,39,46,34,0,42,0,14,20,11,10,9,19,0,8,15,18,12,13,141,142,147,138,149,0,0,0,146,0,145,139,150,109,0,0,108,102,103,105,101,0,99,0,104,0,168,0,169,7,166,0,0,0,165,2,167,0,0,0,0,80,81,0,76,73,0,78,0,0,0,0,21,22,23,24,25,0,27,28,29,0,0,0,0,122,0,120,112,124,115,114,118,116,0,117,0,113,86,87,88,89,90,91,92,93,94,95,96,0,98,152,159,0,0,151,155,161,153,160,158,156,163,162,126,136,129,137,131,127,133,134,128,132,125,130,0,0,61,70,62,66,63,68,60,71,65,64,67,72,47,48,49,50,51,52,53,54,55,56,57,58,59
100,105,110,102,109,106,103,108,104,111,99,101,107,81,79,85,76,75,74,84,82,73,0,83,77,78,37,0,43,34,45,0,39,44,0,40,41,35,46,5,3,7,4,0,168,1,166,165,0,6,0,2,64,69,65,72,62,0,0,60,61,67,63,0,71,139,149,0,0,144,141,138,148,143,147,0,150,142,86,87,88,89,90,91,0,93,0,95,0,0,98,0,15,16,8,20,11,10,14,12,0,13,17,0,151,152,153,0,155,156,0,0,159,0,161,162,0,0,0,53,50,47,51,57,49,56,54,52,0,58,22,32,25,33,0,0,29,30,24,28,0,0,31,134,126,0,127,0,0,0,125,136,130,0,132,137,0,113,0,115,116,117,118,119,120,121,122,0,124
0,79,0,76,83,80,77,82,78,85,0,0,81,55,0,0,50,0,0,58,0,47,0,57,51,52,0,12,17,8,19,0,13,18,16,14,15,9,20,0,146,150,0,0,142,0,140,0,138,149,143,145,38,43,39,46,36,40,44,34,35,41,37,0,0,0,123,119,120,0,0,0,122,0,121,114,124,116,60,61,62,63,64,65,66,67,68,69,70,71,72,161,158,159,151,163,154,153,0,155,162,0,160,0,125,126,0,128,129,130,131,132,133,0,135,136,137,22,0,27,0,0,0,31,23,30,28,26,33,32,165,0,168,7,1,0,0,4,167,2,164,0,5,108,100,109,101,0,102,107,99,110,104,103,106,0,86,87,88,89,90,91,0,93,94,0,96,97,98
0,131,0,0,135,132,129,134,130,0,0,127,133,107,105,111,102,101,0,0,108,99,106,109,103,104,0,64,69,60,71,62,0,0,68,66,67,61,72,31,29,33,0,24,25,27,0,22,21,32,26,0,0,95,0,98,88,0,96,86,87,93,89,0,97,165,0,2,3,0,167,164,0,169,4,166,7,168,112,0,114,115,116,117,118,119,0,121,122,123,124,44,0,42,0,46,37,36,40,38,45,39,43,0,8,9,10,11,0,13,14,0,0,17,18,19,20,74,0,79,0,73,0,83,0,0,80,78,85,84,48,58,0,59,0,0,0,56,50,54,47,52,57,0,152,161,153,157,154,159,151,0,156,155,158,163,138,139,140,141,142,143,144,145,146,147,148,0,150
0,118,123,115,122,0,116,121,117,124,112,114,0,94,92,0,89,0,0,97,95,86,93,96,0,91,50,0,56,47,58,49,52,57,55,53,54,0,59,18,16,0,0,11,12,14,10,9,8,19,13,15,77,0,0,85,75,79,83,73,74,80,76,81,84,152,162,158,159,157,154,151,161,156,160,153,163,155,99,100,101,102,103,104,105,106,107,0,0,110,0,0,28,29,21,0,24,23,27,25,32,26,30,22,0,165,166,167,168,169,1,2,3,4,5,6,7,0,68,0,63,60,64,70,62,69,67,0,72,71,35,45,0,46,0,36,42,43,37,41,34,0,44,0,0,148,140,144,141,146,138,149,143,142,0,0,125,126,127,0,129,0,131,0,133,134,135,136,137
139,144,0,0,148,145,0,147,143,150,0,0,0,120,118,0,115,114,113,123,121,112,119,0,116,117,76,77,82,0,84,75,78,0,81,79,80,74,0,44,0,46,0,37,38,40,36,0,0,0,39,41,103,108,104,0,101,105,109,99,100,106,0,107,110,9,0,15,0,14,11,8,0,13,17,10,20,12,125,126,127,0,129,0,131,132,133,134,135,136,137,57,54,55,47,59,0,49,53,0,58,52,0,48,0,22,23,0,25,0,0,28,29,30,31,32,33,0,94,92,89,86,90,96,88,95,0,91,98,97,61,71,64,72,66,62,68,69,63,67,60,65,70,4,165,5,0,1,167,3,164,6,169,168,0,7,151,152,153,154,155,156,157,158,159,160,161,162,163
152,0,162,154,161,158,155,160,156,163,0,153,0,133,0,137,128,127,0,136,134,125,132,135,129,0,89,0,95,0,0,0,91,96,94,92,93,0,98,57,55,59,0,50,51,53,49,48,0,58,52,0,116,121,117,124,114,118,122,0,113,119,115,120,123,22,32,28,0,27,24,21,31,26,30,23,33,0,138,139,140,141,142,143,144,145,146,147,148,149,150,70,67,68,60,72,63,0,66,64,71,65,69,61,34,0,36,37,0,39,40,41,42,43,44,45,46,0,107,105,0,99,103,0,101,108,106,104,111,0,74,84,77,0,79,75,81,82,76,80,73,78,0,17,9,18,10,14,11,16,8,19,13,12,0,20,164,165,166,0,168,169,1,2,3,4,5,6,0
0,0,19,11,18,15,0,0,13,0,8,10,16,159,157,163,154,153,152,162,160,151,158,161,155,156,0,0,121,112,123,114,0,122,0,118,119,113,124,83,81,0,82,0,0,0,75,74,73,84,78,80,142,147,0,150,140,144,148,138,139,0,141,146,149,48,58,54,55,53,50,47,57,52,56,49,59,51,164,165,0,167,0,169,0,2,3,4,5,6,0,96,93,0,0,98,89,88,92,0,97,91,0,87,60,0,62,63,64,65,66,67,68,0,70,71,72,126,133,0,128,125,129,135,0,134,132,0,137,136,100,110,103,111,0,101,107,108,102,106,99,104,109,43,35,0,0,40,0,0,34,45,0,38,41,46,21,22,23,24,25,26,27,28,29,30,31,32,33
165,1,6,167,5,2,168,4,169,7,164,166,3,146,144,150,141,140,139,149,147,138,0,148,142,143,102,103,108,99,110,101,104,109,107,105,0,100,111,0,68,72,69,63,64,66,0,61,60,0,65,67,129,0,0,137,127,131,135,125,126,132,128,133,0,35,45,41,0,0,37,34,44,39,43,0,46,38,151,152,0,154,155,156,157,0,159,160,161,162,163,83,80,81,0,85,76,75,79,77,0,78,82,74,47,48,49,50,51,52,53,54,55,56,0,58,0,0,0,0,115,112,0,122,114,121,0,117,124,123,87,97,90,98,92,88,94,0,89,0,86,91,96,30,22,31,0,0,0,29,21,32,26,25,28,33,8,9,10,11,12,13,14,0,16,17,0,19,20
127,132,137,129,136,0,130,135,131,0,0,128,134,0,106,112,103,102,0,111,109,0,107,110,104,105,64,65,0,61,0,63,66,71,69,67,0,62,73,0,30,34,0,25,0,28,24,23,0,33,27,29,91,96,92,99,89,93,97,0,88,0,0,95,98,166,7,3,4,2,0,0,6,1,5,167,0,169,113,0,0,116,117,118,119,120,121,0,123,124,125,45,0,43,35,0,38,37,41,39,46,40,44,0,9,10,11,0,13,14,15,16,17,18,19,20,21,75,82,80,77,74,0,84,76,83,0,79,86,0,49,59,52,0,0,0,56,57,51,55,48,0,0,0,0,162,0,158,155,160,152,0,157,156,159,164,0,140,141,142,143,0,145,146,0,148,149,0,151
140,145,150,0,149,146,143,148,144,151,139,141,0,121,119,125,116,115,0,124,122,113,120,123,117,118,0,0,83,74,85,76,79,84,82,0,0,75,86,45,43,47,44,0,0,0,37,36,35,46,0,0,104,0,105,112,102,0,110,100,101,107,103,0,111,0,20,16,17,15,12,9,0,14,18,11,0,13,126,127,128,129,130,131,132,133,0,135,136,137,138,0,0,56,0,60,51,0,54,52,59,53,57,49,22,23,24,25,26,0,0,29,30,0,32,0,34,88,95,93,90,87,91,97,89,96,94,92,99,98,0,0,0,0,67,0,69,70,64,68,61,66,71,5,166,6,167,2,168,4,165,7,1,169,3,8,152,153,154,155,156,157,158,0,160,161,162,163,164
36,41,0,38,45,0,39,44,40,0,35,37,43,17,15,21,12,0,10,0,18,9,16,19,13,0,142,143,148,139,150,141,144,149,147,0,0,140,151,110,108,112,109,0,104,106,102,101,100,111,105,107,169,5,1,0,167,2,6,165,0,3,168,4,7,0,85,81,0,80,77,0,84,79,0,0,86,78,22,23,0,25,26,27,28,29,30,31,0,33,34,123,0,0,113,125,116,115,119,117,124,118,0,114,87,0,89,90,91,92,93,0,95,96,97,98,99,153,160,158,155,152,156,0,154,161,159,0,0,163,127,137,130,138,0,0,134,135,129,0,126,131,136,0,0,71,63,67,64,69,61,0,66,65,68,0,48,49,0,0,52,0,54,55,56,57,58,0,0
166,0,7,168,6,3,169,0,1,8,165,167,4,147,145,0,142,0,140,150,0,139,146,149,143,0,103,104,0,100,111,102,105,110,108,106,0,101,112,71,69,73,70,64,65,67,63,62,0,72,66,68,130,135,131,138,128,132,136,0,127,133,129,0,137,36,0,42,43,0,38,0,45,40,44,37,0,0,152,153,154,155,156,157,158,159,160,161,162,163,0,0,81,82,0,86,0,76,80,78,85,0,83,75,48,49,50,51,0,53,0,55,0,57,58,59,60,114,121,119,116,113,117,123,0,122,120,0,125,124,88,98,91,0,93,89,0,96,90,94,87,92,97,31,0,32,24,28,25,30,22,0,27,26,29,34,0,10,11,12,13,14,15,16,17,18,19,20,0
75,80,85,77,84,81,78,83,79,86,0,76,82,0,54,60,51,0,49,0,0,48,0,58,52,53,12,13,18,9,20,0,0,19,17,15,16,0,21,149,0,151,148,0,143,145,141,0,139,150,0,0,39,0,40,47,37,41,45,35,0,42,0,0,46,114,124,0,121,119,116,113,123,118,122,0,125,117,61,0,63,0,65,0,67,68,69,0,0,72,73,162,159,160,152,164,155,154,158,156,163,157,161,153,0,127,128,129,130,131,132,133,134,135,0,137,138,23,30,28,0,22,26,32,24,0,29,27,34,33,166,7,169,0,2,0,4,5,168,3,165,1,0,0,101,110,102,106,103,0,0,111,105,104,0,112,87,88,89,90,91,92,93,94,0,0,97,98,99
114,119,124,116,123,120,117,122,118,125,113,115,121,95,93,99,90,89,88,0,96,87,94,0,91,92,51,52,0,0,59,0,53,58,56,54,55,49,60,0,17,0,18,0,13,0,11,10,0,20,14,0,78,83,0,86,76,80,84,74,75,81,77,82,0,0,163,159,160,0,0,152,0,157,161,154,164,0,100,101,102,103,104,105,106,107,108,109,110,111,112,32,29,30,22,34,25,24,0,26,33,27,31,0,165,166,167,168,169,0,0,3,4,5,6,7,0,0,69,67,64,61,65,71,63,70,68,0,73,0,36,46,39,47,41,37,43,0,38,42,35,40,45,0,140,149,141,145,142,0,0,150,0,143,146,0,126,127,128,129,130,0,132,133,0,135,0,137,138
49,0,0,51,58,55,52,57,53,60,48,0,56,0,28,34,25,24,23,0,31,0,29,0,26,27,0,156,161,152,163,154,157,162,160,158,0,153,164,123,0,125,122,116,117,0,0,114,113,124,118,120,0,18,14,21,0,15,19,9,10,0,12,0,20,0,98,94,95,0,90,87,97,92,96,89,0,91,35,36,37,38,39,40,0,42,43,44,0,46,0,136,133,0,126,138,129,128,132,130,0,131,135,0,100,101,102,103,104,105,106,0,108,109,110,111,112,166,4,2,168,165,169,6,167,0,3,1,8,0,140,150,0,151,145,141,0,148,142,146,139,144,0,83,75,84,76,80,77,82,74,85,0,78,81,86,61,62,63,64,65,0,67,68,69,70,71,72,0
0,0,20,12,0,0,13,18,14,21,9,11,17,160,158,164,155,154,153,0,161,152,159,0,0,0,116,117,122,113,0,115,118,123,121,119,120,0,125,84,82,0,0,77,78,80,76,75,74,85,79,81,143,148,144,0,141,145,149,139,140,146,142,147,150,49,0,0,56,54,0,48,58,53,57,0,60,52,165,0,0,168,169,1,0,3,4,5,6,7,8,97,94,95,87,99,0,89,93,91,98,92,0,88,61,0,0,64,0,66,0,68,69,70,0,0,0,127,134,132,129,126,0,136,128,135,133,131,138,137,0,111,104,112,0,102,108,109,103,107,100,105,110,0,36,45,37,41,38,43,35,46,40,0,42,0,22,23,24,0,26,27,28,29,0,31,32,33,34
153,158,163,0,162,159,156,161,157,164,152,154,0,0,132,0,0,0,0,137,135,126,0,136,130,131,90,91,96,87,98,89,0,97,95,93,94,88,0,0,56,60,0,51,52,54,0,49,48,59,53,55,117,122,118,125,115,119,123,0,114,120,116,121,124,23,33,0,30,28,25,0,32,27,0,24,34,26,0,0,0,142,143,144,145,146,147,148,149,150,0,71,68,69,0,73,0,63,67,65,72,66,0,62,35,36,37,38,39,40,41,42,43,44,0,46,47,101,108,106,103,100,104,110,0,109,107,105,112,111,75,85,78,0,0,0,0,83,0,81,74,79,84,0,10,19,0,15,0,17,0,20,14,0,16,21,165,166,167,0,169,1,0,3,4,0,6,7,8
0,0,0,64,71,68,0,70,66,73,61,63,69,43,41,47,38,0,36,46,44,35,42,0,39,0,0,0,5,0,7,167,1,6,4,0,0,166,8,136,0,0,135,129,130,132,128,127,126,137,131,133,0,31,27,34,24,28,32,22,23,0,25,30,33,101,111,107,108,106,103,0,110,105,109,0,112,0,48,49,50,51,52,0,54,55,56,57,0,59,60,149,146,147,139,0,142,141,145,0,150,144,0,140,113,114,115,116,0,118,119,120,121,122,123,124,125,10,17,15,12,9,0,19,11,0,16,14,0,20,153,163,156,164,158,154,160,161,0,0,152,0,162,0,0,97,89,93,90,95,0,0,92,91,0,99,74,75,76,77,78,0,80,81,82,83,84,85,86
101,106,0,103,110,107,104,109,0,112,100,102,0,82,80,86,77,76,0,85,0,74,81,84,78,79,38,0,44,35,46,37,40,45,0,41,42,0,47,6,0,8,5,168,169,2,167,166,0,0,0,3,65,0,66,73,63,67,71,61,62,0,0,69,0,0,0,146,147,145,142,139,149,144,148,141,0,143,87,88,0,90,91,0,93,94,95,96,0,98,99,19,16,17,9,21,12,11,15,13,0,0,18,10,152,153,154,155,0,0,158,159,160,0,162,163,164,49,56,54,0,48,52,58,0,0,0,53,0,59,0,33,26,34,28,0,30,31,25,29,22,27,32,135,0,136,128,132,0,134,126,137,0,0,133,138,113,114,115,116,0,0,0,120,0,122,123,0,125
23,28,33,25,32,29,26,0,0,0,22,24,30,4,0,8,168,167,166,7,5,165,0,6,169,0,0,130,0,126,137,128,131,136,134,132,133,127,138,0,0,99,96,90,91,0,89,88,87,98,92,94,156,161,157,164,154,158,162,152,153,0,0,160,163,62,72,68,69,0,64,61,71,66,0,63,73,65,9,10,0,12,13,0,15,16,17,18,19,20,21,110,107,108,100,112,103,102,106,104,0,105,109,101,74,75,76,0,78,79,80,0,0,83,84,85,86,140,147,145,142,139,143,0,141,0,0,144,151,150,114,124,117,125,119,0,121,122,116,0,113,118,123,0,49,0,0,54,0,0,0,59,53,52,55,60,0,36,37,0,39,40,41,42,43,0,45,0,47
88,93,0,90,97,94,91,96,92,99,0,89,95,0,67,73,64,63,62,72,70,61,0,71,65,66,25,26,31,22,33,24,27,32,30,28,29,0,0,0,0,0,161,0,156,158,154,153,152,163,157,159,52,57,0,60,0,54,58,48,49,55,51,56,59,127,137,133,134,132,129,126,136,131,0,128,138,130,0,75,76,0,78,79,80,0,82,0,84,85,86,0,0,4,165,8,168,167,2,169,0,1,5,166,139,140,0,142,143,144,0,146,0,148,149,150,151,36,43,41,38,0,39,45,37,0,0,0,47,46,10,20,0,21,15,11,17,18,12,16,9,14,19,122,114,123,115,119,116,121,113,124,0,117,0,125,100,101,102,103,104,105,106,107,108,0,110,0,0
97,102,107,99,106,103,100,0,101,108,0,0,104,78,76,82,73,0,71,81,79,0,77,80,74,75,34,35,40,31,42,0,36,0,39,0,38,32,43,2,169,0,1,164,165,167,0,0,161,3,166,168,0,66,62,69,59,63,67,57,58,64,60,65,68,136,0,142,143,141,138,0,145,140,144,137,147,0,83,0,85,86,0,88,89,90,91,92,93,94,95,15,12,13,5,17,8,7,11,9,16,10,14,6,0,149,150,151,152,0,154,155,156,157,158,159,160,0,52,50,47,44,0,54,46,53,0,49,56,55,0,0,0,30,24,20,26,27,21,25,18,23,28,131,123,0,124,128,125,130,122,133,127,126,129,134,109,110,0,112,113,114,115,116,117,0,119,120,0
149,0,159,0,158,0,152,157,153,0,148,150,156,130,128,134,125,0,123,133,131,122,129,132,126,127,86,87,92,83,0,85,88,0,91,89,90,0,95,54,52,56,53,47,48,50,46,45,0,55,49,51,113,118,114,121,0,115,0,0,110,116,112,117,0,19,29,25,26,24,21,18,28,23,27,20,30,22,0,136,137,138,139,140,141,0,143,144,145,0,147,67,64,65,57,69,60,59,63,61,68,0,66,58,31,32,33,0,35,36,37,38,39,40,41,0,43,97,0,0,99,0,100,106,98,105,103,101,108,0,71,81,74,0,76,72,0,79,73,77,70,75,80,14,0,15,7,0,0,13,5,16,10,0,12,17,161,162,163,0,165,166,167,168,169,1,2,3,4
136,141,0,138,145,142,0,0,140,147,135,137,143,0,115,121,112,111,110,120,118,0,116,119,113,0,0,0,79,70,81,0,75,80,0,76,77,71,0,41,0,43,40,34,35,0,33,32,31,42,36,38,100,105,101,108,98,102,106,96,97,103,0,104,107,6,0,12,13,11,8,5,15,10,14,0,17,9,122,123,124,0,126,127,128,129,130,131,132,133,134,54,51,52,44,56,47,46,50,48,55,49,0,45,0,0,20,21,22,23,24,25,26,27,28,29,30,84,91,0,0,83,87,0,0,92,0,88,95,94,0,68,61,69,0,59,65,66,0,0,57,62,67,1,162,2,163,167,0,169,161,3,166,165,168,4,148,149,150,151,152,153,154,0,156,157,0,0,160
6,11,16,0,0,12,9,14,10,0,5,7,13,156,154,160,151,0,149,159,157,0,155,158,152,153,112,0,118,109,120,111,114,119,117,115,0,110,121,80,78,82,79,73,74,76,72,71,70,0,75,77,139,144,140,147,137,141,145,135,136,142,0,143,0,45,55,51,52,50,0,0,0,49,53,46,0,48,161,162,163,164,0,166,167,168,169,1,2,3,4,93,90,91,83,0,0,0,89,87,94,0,0,84,57,58,0,60,0,62,63,64,65,66,67,68,0,123,0,128,125,122,126,132,124,131,129,127,134,133,97,107,100,0,0,0,104,105,99,103,96,101,106,40,32,41,33,0,34,0,0,42,36,35,38,0,18,19,20,0,22,0,24,25,26,27,28,0,30
0,89,94,0,93,90,87,0,88,95,0,85,91,0,63,69,60,59,58,68,66,57,64,0,61,0,0,22,27,18,29,20,23,0,26,24,0,19,30,158,156,160,157,0,0,154,150,149,148,159,153,155,0,0,49,56,0,0,54,44,45,0,0,52,55,123,133,0,130,128,125,122,132,127,131,0,134,126,70,71,72,73,74,75,76,77,78,79,80,81,82,2,168,169,161,4,164,163,167,165,3,166,1,0,135,136,0,0,139,140,141,0,0,144,145,146,0,32,39,37,34,31,35,41,33,40,38,36,43,0,0,16,9,17,11,7,13,14,8,12,5,10,15,0,110,119,111,115,112,117,109,120,114,113,0,121,96,97,98,99,100,101,102,103,104,105,106,0,108
0,37,42,0,41,38,0,40,36,0,0,33,39,13,0,17,8,7,6,0,14,5,0,15,0,10,138,139,144,135,0,137,0,145,143,141,142,136,0,106,104,108,0,99,100,0,98,97,96,0,101,103,165,1,166,4,163,167,2,161,0,168,164,169,3,0,81,77,0,0,0,70,80,75,79,72,82,74,18,0,0,21,22,23,24,25,0,27,28,0,0,0,116,117,109,121,112,111,115,113,0,114,118,110,83,84,85,86,0,88,0,90,91,92,93,94,0,149,156,0,151,0,152,158,150,157,155,153,160,159,123,133,0,134,0,124,130,131,0,129,122,127,132,66,58,67,59,63,0,65,57,68,62,61,0,69,44,45,46,47,48,49,50,0,52,0,54,55,56
19,24,29,0,28,25,22,27,23,30,18,0,26,169,0,4,164,163,162,3,0,161,168,2,165,166,125,126,131,122,133,124,127,132,0,128,129,123,134,93,91,95,0,86,87,89,85,84,83,94,88,0,152,157,153,0,150,154,158,148,149,155,151,156,159,0,68,0,0,63,60,57,67,62,66,59,69,61,5,0,7,8,0,10,11,12,13,14,15,16,17,106,0,104,96,108,99,98,102,100,0,101,0,97,70,71,72,73,74,75,76,77,78,79,80,81,82,136,143,141,0,0,139,145,137,144,142,140,0,146,110,120,0,0,115,111,117,118,112,116,109,114,119,0,45,0,0,50,0,0,44,55,49,48,51,0,31,0,33,0,0,36,0,38,39,0,0,0,43
58,63,68,60,0,64,61,66,0,0,0,0,65,39,37,0,34,33,32,42,40,31,38,41,35,36,164,165,1,161,3,163,166,0,169,167,168,162,0,132,0,134,131,125,126,0,124,123,122,133,127,129,22,27,23,30,20,24,28,18,19,25,0,26,0,0,107,103,104,102,99,0,106,0,105,98,0,100,44,0,46,0,48,0,50,51,0,0,54,55,56,0,142,143,135,147,0,137,141,139,146,140,144,136,109,110,111,112,113,114,115,116,117,118,119,120,0,0,13,11,8,5,9,15,7,0,12,10,17,0,149,159,0,160,0,150,0,157,151,155,148,153,158,0,84,93,0,89,0,91,83,94,88,87,90,95,70,71,72,0,74,0,0,77,0,79,0,81,82
71,0,81,73,80,0,74,79,75,82,0,72,78,0,50,56,47,46,45,55,53,44,51,54,48,49,8,9,14,0,16,7,10,15,13,11,0,6,17,145,143,147,144,138,139,141,137,136,135,0,0,142,35,40,36,43,33,37,41,31,32,38,34,39,42,110,120,116,117,0,0,109,119,114,118,111,121,113,0,58,59,0,61,62,0,64,0,66,67,68,69,158,155,156,0,0,0,150,154,152,0,0,157,149,0,123,124,125,126,127,128,0,0,131,132,133,134,19,26,24,21,18,22,28,0,27,25,23,30,0,162,0,165,0,0,163,169,1,164,168,161,166,2,105,97,0,98,0,0,0,96,0,101,0,103,108,83,84,85,86,87,88,89,90,91,0,93,94,95
0,0,0,47,0,51,48,53,49,56,44,0,0,26,24,30,0,20,0,29,27,18,25,28,22,23,151,152,157,148,159,150,153,158,0,154,155,0,160,119,117,121,0,112,0,0,111,0,109,120,114,116,0,14,10,17,7,0,15,5,0,0,8,13,0,0,0,90,91,89,86,83,93,0,92,85,95,87,31,32,33,34,35,36,37,0,0,0,41,42,0,132,129,130,122,134,125,124,128,0,133,127,131,123,96,0,98,99,100,101,102,103,104,105,106,107,0,162,0,0,0,161,165,2,163,1,168,0,4,3,136,146,139,147,141,137,143,144,138,142,135,0,145,79,0,80,72,76,73,78,70,81,75,74,77,0,57,58,59,60,61,62,63,64,65,66,67,0,0
123,128,0,0,132,129,0,0,0,134,122,124,130,104,102,108,99,98,97,107,105,96,103,106,100,101,60,61,66,57,68,59,62,67,65,63,64,0,69,28,26,30,27,0,22,24,20,19,18,29,23,25,87,92,88,95,85,89,93,83,84,90,86,91,94,162,3,168,169,167,164,161,2,166,1,163,4,165,0,110,111,112,113,0,0,116,117,118,119,120,0,41,0,39,31,0,0,33,37,35,0,0,40,32,5,6,7,0,9,10,11,12,13,14,15,0,17,0,78,76,0,0,74,80,0,79,77,75,82,0,45,55,48,56,50,46,52,53,0,51,0,49,54,157,149,158,150,154,151,156,148,159,153,152,155,160,135,136,137,138,0,0,141,142,0,144,145,146,147
0,115,0,112,119,0,113,0,114,121,109,111,117,91,89,0,86,0,84,94,92,83,0,93,87,88,47,48,53,44,55,46,0,54,52,50,51,0,56,15,13,17,14,8,9,11,7,6,5,0,10,0,74,79,0,82,0,76,80,70,71,77,0,78,81,149,159,155,156,154,151,148,158,153,157,150,0,152,96,0,98,99,100,101,0,103,104,105,106,107,0,28,25,26,18,30,21,20,24,22,29,0,0,19,161,162,0,164,165,166,167,168,0,1,2,3,4,58,65,63,0,57,61,67,59,0,64,62,69,68,32,42,35,43,37,0,39,40,34,38,31,36,41,144,136,145,0,141,138,0,135,146,140,139,142,147,122,123,124,0,126,0,128,129,130,131,132,0,134
162,167,3,164,2,168,165,1,166,4,0,163,169,143,141,147,138,0,136,0,0,135,142,145,139,0,99,100,0,96,107,98,101,0,104,102,103,97,0,67,65,69,0,60,61,63,59,58,57,0,62,64,126,0,127,134,124,128,132,122,0,129,125,0,133,32,0,38,0,37,34,31,41,36,40,33,43,35,148,0,0,151,152,153,0,0,156,0,0,159,160,80,77,0,70,82,73,0,0,74,81,75,79,0,44,45,46,47,48,49,50,51,52,53,54,55,56,0,117,115,112,109,113,119,111,118,0,114,121,120,84,94,87,95,89,85,91,92,0,90,83,88,93,0,19,0,20,24,21,26,0,29,0,0,25,30,0,6,7,8,0,10,11,12,13,14,15,16,17
7,12,17,9,16,13,10,15,11,18,6,8,14,157,155,161,152,0,150,0,158,0,156,159,153,154,113,114,119,0,121,112,115,120,118,0,117,111,0,81,79,83,80,74,0,77,73,72,71,82,0,0,0,145,141,0,138,142,146,0,0,143,139,144,147,46,56,52,53,0,48,45,55,50,54,47,57,0,162,163,164,165,166,167,168,169,1,2,3,4,5,94,91,92,84,96,87,86,90,88,95,89,93,0,58,59,60,61,62,0,64,65,66,0,0,69,0,124,131,129,126,123,127,0,125,132,130,0,135,134,98,108,101,109,103,99,0,0,100,104,0,102,107,0,0,42,34,38,35,40,32,43,0,36,39,44,19,20,21,0,0,0,25,26,0,28,29,0,0
0,64,69,61,68,0,62,67,63,70,58,0,66,40,38,44,35,34,33,0,41,32,0,0,36,0,165,0,2,162,4,164,167,0,1,0,169,163,5,133,131,135,132,0,0,129,125,124,0,134,128,130,23,28,24,0,21,25,29,0,20,26,22,27,30,98,108,104,105,0,100,97,107,102,106,99,109,101,45,0,0,48,49,50,51,52,53,0,55,56,57,146,143,144,0,148,139,138,142,140,147,141,145,137,110,111,0,113,0,0,116,117,118,0,120,121,122,0,14,12,9,6,10,16,8,15,13,11,0,17,150,160,153,161,155,151,157,158,152,0,149,154,159,93,0,94,86,90,0,0,84,95,89,88,0,96,71,72,73,74,75,76,0,78,79,0,81,82,0
0,25,30,22,29,26,23,28,24,31,19,21,27,1,168,5,0,0,163,4,0,162,169,3,166,167,126,127,0,123,134,125,0,133,131,129,0,0,135,94,92,96,93,87,0,90,86,85,84,95,89,91,153,158,154,161,151,155,159,149,150,156,152,157,160,59,69,65,66,64,0,58,68,63,67,60,70,0,6,7,8,9,10,11,12,13,14,0,16,17,0,107,104,105,97,109,100,99,103,101,108,102,106,98,0,72,73,0,75,76,77,0,79,80,81,82,0,137,144,142,0,0,0,146,138,145,0,141,0,147,0,0,114,122,116,112,118,119,113,117,110,115,120,54,0,55,0,51,0,53,45,56,0,49,52,57,32,33,34,35,36,0,0,39,40,41,42,43,44
0,142,147,139,146,143,140,0,141,148,0,138,144,118,0,122,113,0,111,0,119,0,117,0,114,115,74,75,80,71,82,0,76,0,79,77,78,72,0,42,40,44,41,35,36,38,34,0,0,43,0,39,101,0,0,0,99,103,107,97,0,104,100,105,108,7,17,13,14,12,9,0,16,11,15,8,18,10,123,0,0,126,127,128,129,0,131,0,133,134,0,55,52,0,45,57,0,47,51,49,56,0,54,46,19,20,21,22,0,24,25,26,27,0,29,30,31,85,92,90,0,84,88,94,86,93,91,89,96,95,59,69,62,70,64,60,66,67,61,65,0,63,68,2,163,3,0,168,165,1,162,4,167,0,0,5,149,150,151,152,0,0,155,156,157,158,159,160,161
72,77,0,74,81,78,0,80,0,83,0,0,79,53,51,57,0,0,46,56,0,45,52,55,49,0,9,10,15,6,0,8,11,16,14,0,13,7,0,0,144,148,145,0,0,0,138,137,136,147,0,143,36,41,37,44,34,38,42,0,33,39,35,40,43,0,121,117,0,116,113,0,120,115,119,112,0,114,58,0,60,61,62,63,64,65,66,67,68,69,70,159,156,157,149,161,152,151,155,0,160,154,158,150,123,124,125,126,127,128,129,130,131,132,133,134,135,20,27,0,0,19,23,29,21,28,26,24,31,30,163,4,0,5,0,164,1,2,0,169,162,167,3,106,98,107,99,103,100,0,97,108,102,101,0,109,84,85,0,87,0,89,90,91,0,93,0,95,96
85,90,95,87,94,91,0,93,89,96,0,86,0,66,64,70,61,0,59,69,67,58,0,0,62,0,22,23,28,0,30,0,24,0,0,25,26,20,31,159,157,161,158,152,0,0,0,150,149,160,0,156,49,54,0,57,47,51,55,0,46,52,0,53,56,124,134,0,131,129,126,123,133,128,132,125,0,127,71,72,73,0,75,76,77,78,79,80,81,82,83,3,169,0,162,5,165,164,168,166,4,167,2,0,136,137,0,139,140,141,142,0,144,145,0,147,148,33,40,38,0,32,0,42,34,41,39,37,44,43,0,0,10,0,12,0,0,15,9,13,0,11,16,119,111,120,112,116,113,0,110,121,115,0,117,122,0,98,99,100,101,102,103,104,105,106,107,108,109
46,51,56,48,0,52,0,54,50,57,45,47,53,27,0,31,0,21,0,0,0,19,26,29,0,0,152,0,158,149,160,151,154,159,157,0,156,150,161,120,118,0,0,113,0,116,0,111,0,0,115,117,10,0,11,18,8,12,0,6,7,13,9,14,17,85,95,0,92,0,87,84,0,89,93,86,0,88,32,33,34,35,36,37,38,0,40,41,42,43,44,133,130,131,123,0,0,0,129,127,134,128,0,124,97,0,0,100,101,0,0,104,105,0,107,108,0,163,1,168,165,0,166,3,164,2,169,167,0,4,137,147,140,148,142,138,144,145,139,143,136,141,146,80,72,81,73,77,74,79,0,0,76,75,78,83,58,59,60,61,62,63,64,65,66,67,0,69,70
124,129,134,126,133,130,127,132,128,135,123,125,131,105,103,109,0,99,0,108,106,0,104,107,101,0,61,62,67,58,69,60,63,0,66,0,65,59,70,29,27,31,28,22,23,0,21,20,19,0,24,26,0,93,89,96,86,90,0,84,85,91,87,0,95,163,4,169,1,168,165,162,3,167,2,164,5,166,110,111,112,0,0,115,116,0,118,119,120,121,0,42,39,40,0,44,35,0,38,36,43,37,41,33,0,7,8,9,0,11,12,0,0,15,16,0,0,72,79,77,74,0,75,0,0,80,0,76,83,0,0,0,49,57,51,47,53,54,48,52,45,50,0,0,0,159,0,0,152,157,149,160,154,153,156,161,0,0,138,139,0,0,142,143,144,145,146,147,148
150,155,160,152,0,156,153,158,154,161,149,151,0,0,129,135,0,125,124,134,132,123,130,133,127,128,87,88,93,84,95,86,89,94,92,90,91,85,96,55,0,57,54,48,49,51,47,0,45,56,50,0,114,119,0,122,112,0,120,110,111,117,113,118,121,0,30,26,0,25,0,0,29,24,28,21,31,23,0,137,138,139,0,141,0,143,144,145,146,147,148,68,65,66,58,70,61,60,64,62,69,63,67,59,32,33,0,0,36,0,38,39,0,41,42,43,44,0,105,103,100,97,101,107,99,106,104,102,109,108,72,82,75,83,77,73,79,80,74,78,0,0,0,15,7,0,8,12,9,14,0,17,0,10,13,0,0,163,164,165,166,167,168,169,1,0,3,4,5
163,168,4,165,3,169,166,0,167,5,162,164,0,144,142,148,139,138,137,147,145,136,0,146,0,141,100,0,106,97,0,99,102,107,105,103,104,98,109,68,66,70,67,61,62,64,60,59,58,69,63,65,127,132,128,135,0,129,133,123,0,0,126,131,0,33,43,39,40,0,35,32,0,37,41,0,0,36,149,150,0,152,153,154,155,156,0,0,0,160,161,81,78,79,71,83,74,0,0,0,82,76,80,72,45,46,47,48,49,50,51,52,53,54,55,0,57,111,118,116,113,0,114,120,112,119,117,115,0,121,0,95,88,96,90,86,92,93,87,0,0,89,94,28,0,0,21,25,0,27,19,30,24,23,26,31,6,7,8,9,10,11,12,13,14,15,16,17,18
98,103,0,100,107,104,101,0,102,0,97,0,0,79,77,83,74,73,72,82,0,71,78,81,0,76,0,36,0,0,0,34,37,42,40,38,0,0,44,3,1,5,2,165,166,0,164,163,0,0,167,0,0,0,63,70,60,64,68,58,0,0,61,0,0,137,0,0,144,142,139,136,146,141,145,138,148,140,84,85,86,0,88,89,90,91,92,93,94,95,96,16,13,14,6,18,0,8,12,0,17,0,15,7,149,0,0,152,153,154,155,156,157,158,159,160,0,0,53,51,48,45,49,55,47,54,52,50,57,56,20,30,23,31,25,21,27,28,22,26,0,24,29,132,124,133,125,129,0,0,123,134,128,127,130,135,110,111,112,0,0,115,0,0,118,0,0,0,122
111,116,121,113,120,117,114,0,115,122,0,112,118,92,0,0,0,86,85,95,0,84,91,94,0,89,48,49,54,0,56,0,50,55,53,0,52,0,57,16,0,18,15,0,10,12,8,7,6,0,11,0,75,80,76,83,73,77,81,71,72,0,74,79,82,150,160,0,157,155,0,149,159,154,158,151,161,0,97,98,99,0,101,102,103,104,105,0,107,108,109,29,26,27,19,31,22,21,0,23,30,24,28,0,0,163,164,165,166,167,0,169,1,2,0,0,5,0,66,64,0,58,62,68,60,67,65,63,70,69,33,0,36,44,0,34,40,41,0,39,32,37,42,145,0,146,138,0,0,144,136,147,141,140,143,0,123,0,125,126,127,128,129,130,131,132,133,0,135
33,38,0,35,0,39,36,41,37,44,32,34,40,0,12,0,9,8,7,17,15,6,13,16,10,11,139,140,145,136,147,138,141,146,144,142,143,137,148,0,0,109,106,100,101,0,99,98,97,108,102,104,166,0,0,0,164,0,0,162,163,169,165,1,4,72,82,0,79,77,74,0,81,0,80,73,83,75,19,20,21,22,23,24,25,26,27,0,29,30,31,120,117,118,110,122,113,112,0,114,0,0,119,111,84,85,86,0,88,89,90,91,92,93,94,95,0,150,157,155,152,149,153,159,0,0,156,154,161,160,124,134,0,0,129,125,131,132,0,130,0,128,133,67,59,0,60,0,0,0,58,69,63,62,65,0,45,46,47,48,49,50,51,52,0,54,55,56,57
115,0,125,117,124,121,118,123,119,126,0,116,122,0,94,0,91,90,89,99,97,88,95,98,92,93,52,0,58,0,60,51,54,59,57,55,56,50,61,20,18,0,19,13,14,0,12,11,10,0,15,17,79,84,80,87,77,81,85,0,76,0,78,83,86,154,164,0,161,159,156,153,163,158,162,155,165,157,101,102,103,0,105,0,107,108,109,0,111,0,113,33,30,0,23,35,26,0,0,0,34,28,32,24,0,0,168,0,0,0,3,4,5,6,7,8,9,63,70,68,65,62,66,0,64,71,69,67,0,73,0,0,40,48,0,38,44,0,39,43,36,41,0,149,141,150,142,146,143,148,140,0,145,0,147,152,127,128,129,0,131,132,133,134,135,136,0,138,139
11,0,21,13,20,17,0,19,15,0,0,12,18,161,159,165,156,0,0,164,162,153,160,163,157,158,117,118,123,114,125,116,119,0,122,120,121,115,126,0,83,87,84,78,79,0,77,76,75,0,80,82,0,149,145,152,0,0,150,140,141,147,0,148,0,50,0,0,57,55,52,0,59,54,0,51,61,0,166,167,168,0,1,2,0,4,5,6,7,8,9,98,95,96,88,100,0,90,94,92,99,93,97,89,0,0,64,65,66,67,0,69,70,71,72,73,0,0,0,133,130,0,131,137,129,136,134,132,0,138,102,112,105,113,107,103,109,110,104,108,101,106,0,0,37,46,0,42,39,0,36,47,41,40,0,48,23,24,25,0,27,28,29,0,0,32,33,34,35
76,0,86,78,85,82,79,0,80,0,0,77,0,57,0,61,52,51,50,60,58,49,56,59,53,54,13,0,19,10,21,0,15,0,18,16,17,0,22,0,148,152,149,143,144,146,142,141,140,151,145,147,40,45,41,0,38,0,0,0,37,43,39,44,47,115,0,121,122,0,0,0,124,119,123,116,126,118,62,63,64,65,0,67,68,69,0,71,72,73,0,163,0,161,153,165,0,155,0,0,164,0,162,0,0,128,129,130,131,0,133,134,135,136,0,0,139,24,31,29,26,23,27,33,25,32,30,28,35,0,0,0,1,0,3,168,5,6,0,4,166,2,7,110,102,111,103,107,0,109,101,112,106,0,108,113,0,89,90,0,92,93,94,95,0,0,98,99,100
37,42,0,39,0,0,40,45,41,48,0,38,44,18,0,0,13,12,0,21,19,10,17,20,14,0,143,144,149,140,151,0,145,150,148,146,147,141,0,111,0,113,110,104,105,107,103,102,101,112,106,0,0,6,2,0,168,3,7,166,167,4,169,5,8,0,0,82,83,81,78,75,85,80,84,77,87,79,0,0,25,26,27,0,29,30,0,32,0,0,35,124,0,122,114,126,117,116,120,118,0,119,123,115,0,0,90,91,92,93,0,95,96,97,98,99,100,154,161,0,156,153,157,163,0,162,160,158,165,164,128,138,131,139,133,0,135,136,130,134,127,132,137,71,63,72,64,68,65,70,62,73,67,66,69,0,0,50,51,52,53,54,0,0,57,0,0,60,61
154,159,164,156,163,160,0,0,158,165,153,0,161,0,0,139,130,129,0,0,136,127,134,0,131,0,91,92,97,88,99,90,93,98,96,94,95,89,0,0,57,61,58,52,53,0,51,50,49,60,0,56,118,123,119,126,116,120,124,114,115,121,0,122,0,24,34,0,31,0,26,23,33,28,32,25,35,0,140,141,142,143,0,145,146,147,148,149,150,151,0,72,69,0,62,0,65,64,68,66,73,67,71,63,0,0,38,39,40,41,42,0,44,45,46,0,48,102,109,107,104,101,105,111,103,0,108,106,113,0,0,0,79,0,81,77,0,84,78,82,75,0,85,19,11,20,12,16,0,18,10,0,0,14,17,22,0,167,168,0,1,0,3,4,5,6,7,0,9
128,133,0,130,0,0,131,136,0,139,127,129,135,109,107,113,104,0,102,0,110,101,0,111,105,106,65,0,71,62,73,64,67,0,70,68,69,63,0,33,31,35,32,26,27,29,25,0,23,34,28,30,92,97,93,100,90,0,98,88,0,95,91,96,99,167,8,4,5,3,169,166,7,2,6,168,9,1,114,115,116,0,118,119,0,121,122,123,0,125,0,46,0,44,36,48,39,0,42,40,47,41,45,37,0,0,12,0,14,15,16,17,18,19,20,21,0,76,83,0,78,75,79,85,77,84,82,80,87,86,0,0,0,61,55,51,57,58,52,0,49,0,59,0,154,163,155,159,156,161,153,164,158,0,0,0,140,141,0,143,144,145,146,147,148,149,150,151,152
50,0,60,0,0,56,53,0,54,61,49,0,0,31,29,35,26,25,0,0,32,23,30,33,27,0,156,157,162,153,164,155,158,163,161,0,160,0,165,124,122,126,123,117,118,120,0,115,114,0,119,121,0,19,15,22,12,16,20,10,0,17,13,18,21,89,99,95,96,94,91,88,98,93,0,90,100,92,36,0,0,0,40,41,42,43,44,45,46,47,48,0,0,135,127,139,130,129,133,131,138,0,0,0,0,102,103,104,105,106,107,108,109,110,111,112,113,0,5,3,169,166,1,0,168,6,4,2,9,8,0,151,0,152,146,142,148,149,143,147,140,145,0,84,76,85,77,81,78,83,75,86,80,0,82,87,62,0,64,0,66,67,68,69,70,71,72,0,74
63,68,73,65,0,69,66,71,67,74,62,0,70,0,42,48,39,38,37,47,0,36,43,46,0,41,169,1,6,166,0,0,2,0,5,3,0,167,9,137,135,139,136,130,131,0,129,128,127,138,132,134,0,32,0,35,0,0,0,0,24,30,26,31,34,102,0,108,0,107,104,0,0,106,110,103,113,105,0,50,0,0,53,0,55,56,0,0,59,60,61,150,147,148,140,0,143,142,146,144,151,145,149,0,114,0,116,117,118,119,120,121,122,123,124,125,126,11,18,0,13,10,14,20,12,19,17,15,22,21,154,164,0,165,159,155,161,162,156,160,153,158,163,97,89,98,90,94,91,96,0,99,93,0,95,100,0,0,77,78,0,80,81,82,0,84,85,0,87
0,0,34,26,33,30,27,0,28,35,23,25,31,5,3,9,169,168,167,8,6,166,4,7,1,2,130,131,136,127,138,129,132,137,135,133,0,128,139,98,96,100,0,91,92,94,90,89,88,0,93,0,157,162,158,165,155,159,0,153,154,0,156,0,164,63,0,69,0,68,65,0,72,67,71,64,74,66,0,11,12,13,14,15,16,17,18,19,20,21,22,111,108,109,101,113,104,0,107,0,112,106,110,0,0,76,77,78,0,0,81,82,0,84,0,86,87,141,148,146,143,140,0,150,0,149,0,145,0,151,0,125,118,126,0,116,0,0,117,121,114,119,0,58,50,59,0,55,0,0,49,0,54,53,56,61,36,0,38,39,40,41,42,43,44,45,46,47,48
102,107,0,104,111,108,0,110,106,113,101,103,0,0,0,0,78,77,0,86,84,75,82,0,79,0,0,40,45,36,47,0,41,0,44,42,43,37,48,7,5,9,0,0,1,3,0,167,166,8,0,4,66,71,67,74,0,68,0,62,0,69,65,0,73,0,151,147,148,0,143,140,150,145,149,142,0,144,88,89,90,91,92,93,94,95,96,97,98,99,100,20,17,18,10,22,13,12,16,14,0,15,19,11,153,0,155,156,157,158,159,160,161,162,163,0,165,50,57,0,52,0,53,59,51,58,56,0,61,60,24,34,0,35,29,25,31,32,26,30,23,28,33,136,0,137,129,133,130,0,127,138,132,0,134,139,114,115,116,117,118,119,120,0,122,123,0,125,126
167,3,8,169,0,0,0,6,0,9,166,0,5,148,146,152,143,142,141,0,149,0,147,150,0,145,104,0,110,101,0,0,106,111,0,107,0,102,113,72,0,74,71,65,66,68,64,63,0,73,67,69,131,136,132,139,129,133,137,127,128,134,130,135,138,37,47,43,44,42,39,36,46,41,45,38,48,40,153,0,155,156,157,0,159,160,0,162,163,164,0,0,82,83,0,87,78,0,81,79,0,80,84,76,49,50,51,0,53,54,55,56,57,58,59,60,61,115,122,120,117,114,118,124,116,0,0,119,0,125,89,99,92,100,94,90,96,97,91,95,88,93,0,32,24,0,25,29,26,31,0,0,28,27,30,35,10,11,12,13,14,15,16,17,18,0,20,21,22
0,146,151,143,0,147,0,149,145,152,140,0,0,122,0,0,117,116,115,125,123,114,0,124,118,119,78,79,0,0,86,0,80,85,0,81,82,0,87,0,44,48,45,39,0,42,38,37,0,47,0,0,105,0,106,113,103,107,111,101,0,108,104,109,112,11,21,17,18,16,13,0,20,15,19,0,22,0,127,128,0,130,131,132,133,134,135,136,137,0,139,59,56,57,49,61,52,51,55,0,60,54,58,50,23,24,25,26,27,28,29,30,31,0,33,34,35,89,96,0,91,88,92,98,90,97,95,93,100,99,0,73,66,74,0,64,70,71,65,69,62,67,0,0,167,0,168,3,169,5,0,8,2,1,0,0,153,154,155,156,0,158,159,160,161,162,163,164,0
89,94,0,91,98,0,0,97,93,100,88,90,0,0,0,74,65,64,63,73,71,62,0,72,66,67,0,27,32,23,34,25,28,0,0,29,30,24,35,163,161,165,162,156,0,0,155,154,153,0,158,160,53,0,0,61,51,55,59,49,50,56,52,0,0,128,138,134,0,133,130,0,0,0,136,129,139,131,75,76,77,78,79,80,81,82,83,84,85,86,87,0,4,5,166,9,169,0,3,1,8,2,0,167,140,0,142,143,144,145,146,147,148,0,150,151,0,37,44,42,0,36,40,46,0,45,43,41,0,47,0,21,14,22,16,12,18,19,13,17,10,15,20,123,115,0,116,120,0,122,114,0,119,0,121,126,101,102,103,104,105,106,107,108,109,110,111,112,113
64,69,74,0,73,70,67,72,68,0,63,65,71,45,43,49,40,0,38,0,46,37,0,47,41,42,1,0,7,0,9,0,3,8,6,4,5,0,10,138,136,140,137,131,132,0,130,129,0,139,133,135,28,33,29,0,26,30,34,0,25,0,27,32,35,103,113,109,110,108,105,102,112,107,111,104,114,106,50,51,52,53,54,55,56,57,0,0,60,61,62,151,148,149,141,153,144,143,147,145,152,0,150,0,115,116,117,118,0,120,121,0,123,124,125,0,127,12,19,17,14,0,15,21,13,20,0,16,23,22,155,165,0,166,160,156,162,163,157,161,154,159,0,98,90,0,0,95,92,0,0,100,0,93,96,101,76,0,78,79,80,81,82,0,0,85,86,87,88
0,160,165,157,164,161,158,163,159,166,154,156,162,136,134,140,131,0,0,0,0,128,135,138,0,133,92,0,0,89,100,91,0,0,97,0,0,0,101,60,58,62,59,53,54,56,52,51,50,61,55,57,119,124,120,127,117,121,125,115,116,122,118,123,126,25,35,31,32,30,0,24,34,29,0,26,36,0,141,0,143,144,145,146,147,148,149,150,151,152,153,73,70,0,0,75,66,0,69,67,74,68,72,64,37,38,39,40,41,42,0,44,45,46,47,48,0,103,110,108,105,102,0,112,0,111,109,107,114,113,77,87,0,88,82,78,84,85,0,83,76,81,86,20,12,21,13,17,14,0,11,22,0,15,18,23,0,168,0,1,2,3,4,5,6,7,8,0,0
25,30,35,27,0,31,28,33,29,36,24,0,0,6,4,0,1,169,168,0,7,167,5,8,2,3,131,132,137,128,139,130,133,138,0,134,135,129,140,99,0,0,98,0,93,95,91,90,0,100,94,96,158,0,159,166,156,160,0,154,155,161,157,162,165,64,74,70,71,69,66,63,0,68,72,65,0,67,11,12,0,14,15,16,17,18,19,20,21,22,23,0,109,110,102,114,105,104,108,106,113,107,0,0,76,0,78,0,80,81,82,83,84,85,86,87,0,142,149,147,144,141,0,151,0,0,0,146,0,152,116,126,119,127,121,0,123,124,0,122,115,120,125,59,51,60,52,56,53,58,50,61,0,54,57,62,37,38,39,0,41,0,43,44,45,46,0,0,49
0,0,113,105,112,0,106,0,107,114,102,104,110,84,82,0,0,0,77,87,85,0,83,0,80,81,0,41,0,37,0,0,0,47,45,43,44,0,0,0,0,10,7,0,0,0,169,0,167,9,3,5,67,72,68,75,65,69,73,63,64,70,66,0,74,0,152,148,149,147,144,0,151,146,150,143,153,145,89,90,91,92,93,94,95,96,97,98,99,100,101,21,18,19,11,23,14,13,17,0,22,16,20,12,0,155,156,0,0,159,160,161,162,163,164,165,166,51,0,56,53,50,54,60,52,59,57,55,62,61,25,0,0,36,30,26,32,0,27,31,24,0,34,0,129,138,130,134,131,136,128,139,133,132,135,140,115,116,117,118,0,120,121,122,0,0,125,126,127
77,82,87,79,86,83,80,85,81,88,76,78,0,58,56,62,0,0,51,0,59,50,57,60,54,55,0,15,20,0,22,0,16,21,19,17,0,0,23,0,149,0,150,144,0,147,143,142,141,152,146,0,41,46,42,0,39,43,0,37,0,44,40,45,48,116,126,122,123,0,118,115,0,120,124,117,127,0,63,0,65,66,0,0,0,70,71,72,73,0,75,164,161,162,154,166,157,156,160,0,165,159,163,0,0,129,0,131,132,133,134,135,0,137,138,139,140,25,32,30,27,24,28,34,26,33,31,29,36,35,0,9,2,10,4,169,6,7,0,5,167,3,0,0,0,112,104,108,0,0,102,113,107,106,109,0,89,0,91,0,93,94,95,96,97,98,0,0,101
38,0,48,40,47,44,0,46,0,49,37,39,45,0,17,23,14,0,12,22,20,0,18,21,0,16,144,145,150,141,152,143,146,151,0,0,148,0,153,112,110,114,111,0,106,108,104,103,102,113,107,109,2,7,3,0,169,4,8,167,0,5,1,6,9,77,87,83,84,0,79,76,86,81,85,0,0,80,24,0,26,27,28,29,30,31,32,33,34,35,36,125,0,123,115,0,118,117,121,119,126,120,124,116,89,90,91,92,93,94,95,0,97,98,99,100,0,155,162,160,157,154,158,164,0,163,161,159,166,0,0,0,0,140,134,130,136,137,131,0,128,133,138,72,0,0,65,69,66,71,63,74,68,67,0,75,0,51,52,53,0,55,56,57,58,0,0,0,62
90,0,100,0,0,96,93,98,94,101,0,91,97,71,69,75,66,0,64,0,0,63,70,73,67,68,0,0,0,0,35,26,29,34,32,0,31,25,36,0,162,0,163,0,0,160,156,155,0,165,159,161,54,59,0,62,52,0,60,50,0,57,53,58,61,129,0,0,136,134,131,0,138,133,137,130,140,132,0,77,78,79,80,0,0,83,84,85,86,87,88,0,0,0,167,0,0,0,0,2,0,0,7,168,141,142,143,144,145,146,147,0,149,0,151,152,153,38,45,0,40,37,41,47,39,0,44,42,49,48,0,22,15,0,17,13,19,20,14,18,11,16,21,0,116,0,117,121,118,123,115,126,120,0,122,0,102,103,104,105,106,107,108,109,0,111,112,113,114
142,147,152,144,0,148,145,0,146,153,141,0,149,0,121,0,118,117,116,126,124,115,122,125,119,120,79,80,85,76,87,0,0,86,84,82,83,77,0,47,45,49,46,40,41,43,0,38,37,48,0,44,106,111,0,114,104,108,112,102,103,0,0,110,113,12,22,18,19,0,14,0,21,16,20,13,0,15,128,129,130,131,132,133,134,135,136,0,0,139,0,0,0,0,0,62,53,52,56,0,61,55,59,51,24,0,26,27,28,0,30,31,32,0,0,0,36,90,97,95,0,89,93,99,91,0,96,94,101,100,64,74,67,75,69,65,71,72,66,0,0,68,73,7,168,8,169,4,1,6,167,9,3,0,5,10,154,155,0,157,158,0,160,161,162,0,164,165,166
168,4,0,1,0,0,2,7,3,10,167,169,6,149,0,153,144,143,142,152,150,0,148,151,145,146,105,0,111,102,113,0,107,0,0,0,0,0,0,0,0,0,72,66,67,0,65,64,63,0,68,70,132,137,0,140,130,134,138,128,129,135,131,136,139,38,48,0,0,43,0,37,47,0,46,39,0,41,0,155,156,157,158,159,160,161,162,163,164,165,166,86,83,0,76,88,79,78,82,80,87,81,0,0,0,51,52,53,54,55,0,57,0,59,60,61,62,116,0,121,0,115,119,125,117,124,122,120,127,126,90,100,0,101,95,91,97,98,0,96,89,0,99,33,25,34,0,30,27,32,0,0,29,28,31,0,0,0,0,14,0,16,17,18,19,20,21,22,23
51,56,61,53,60,57,54,59,55,62,0,52,58,0,30,0,0,0,25,35,33,24,31,34,28,29,0,158,163,0,165,0,159,0,162,0,161,155,166,0,123,127,124,118,119,121,117,0,115,126,0,122,15,20,16,23,13,17,21,11,12,0,14,19,0,90,0,96,97,95,92,0,99,94,0,0,101,93,37,38,39,40,41,42,0,44,45,46,47,48,0,0,135,0,128,140,131,130,134,0,139,133,137,129,102,103,104,105,106,107,108,109,110,111,112,113,114,168,6,4,1,167,2,8,169,7,5,3,10,9,0,0,145,153,0,143,149,150,144,148,141,146,151,85,0,86,78,82,79,84,76,87,81,80,83,88,63,64,65,66,0,0,69,0,0,0,73,74,75
129,134,139,131,138,135,132,0,0,140,128,0,0,110,108,114,105,104,103,0,111,102,109,112,106,107,66,67,72,63,74,65,0,73,71,0,70,0,75,0,32,0,0,27,28,30,26,25,24,35,29,31,0,98,94,101,91,95,0,89,0,96,92,97,100,168,9,5,0,4,1,167,8,3,7,169,10,2,0,116,117,118,0,0,121,0,123,124,125,126,0,47,44,45,0,49,0,0,0,41,48,0,46,38,0,0,13,14,15,0,17,18,19,20,21,22,23,77,84,82,79,76,80,0,78,85,83,81,88,87,0,61,0,62,56,52,0,59,0,57,50,0,0,0,155,164,156,160,157,162,0,165,159,158,0,0,141,142,0,144,145,146,0,148,0,0,151,152,153
116,121,126,118,125,122,119,124,120,127,115,0,0,97,95,0,92,91,90,100,0,89,96,99,93,94,53,0,59,50,0,52,0,60,0,56,57,0,62,21,19,23,20,0,0,17,13,12,11,22,16,18,80,0,81,88,78,82,0,76,77,83,79,84,87,155,165,161,0,160,157,154,164,159,163,0,0,158,102,103,104,105,106,107,108,109,110,0,112,0,114,34,31,32,0,0,27,26,30,28,35,29,33,25,167,168,169,1,2,3,0,5,6,7,8,0,10,64,71,69,66,63,67,73,65,72,70,68,0,74,38,48,41,49,43,39,45,46,0,0,37,42,0,150,142,151,143,147,0,0,0,152,146,0,148,153,128,129,0,131,132,133,134,135,136,137,138,139,140
12,0,22,0,21,18,0,0,16,0,0,13,19,0,160,166,157,0,155,165,0,154,161,0,158,0,118,119,124,115,126,0,120,125,123,121,122,116,0,86,84,0,85,79,80,82,78,77,76,87,0,83,145,150,146,153,143,147,151,141,0,0,144,149,152,51,61,57,58,56,0,50,60,55,59,52,62,54,167,168,169,1,2,3,4,0,6,7,8,9,10,0,96,0,89,0,92,91,95,93,0,0,0,0,0,64,65,66,67,68,0,70,0,72,73,74,75,129,136,134,131,128,132,138,130,137,135,133,140,0,103,113,106,114,0,104,110,111,105,0,102,0,112,46,0,47,39,43,40,0,37,48,0,41,0,0,24,25,26,0,0,0,30,31,0,33,34,35,36
