38,36,0,0,39,0,32,0,37,30,0,28,0,135,134,0,129,131,124,126,132,0,0,0,12,7,5,0,0,4,6,11,8,10,9,15,0,98,94,95,92,0,91,96,88,93,89,99,0,52,62,59,53,60,58,0,61,55,54,56,0,2,141,140,139,0,142,137,136,0,3,0,121,117,122,120,0,116,123,119,113,0,118,0,44,46,0,51,50,0,48,0,49,47,0,40,21,22,25,17,18,0,0,16,20,23,0,19,65,73,66,75,67,72,68,64,74,71,70,69,78,87,77,82,83,79,86,76,0,85,0,84,111,104,103,109,0,106,101,105,107,100,102,110
2,144,137,141,3,139,0,143,1,138,142,136,94,99,0,0,93,0,88,0,96,97,91,89,120,115,113,0,122,112,114,0,116,118,117,123,54,62,0,0,56,0,55,60,0,57,53,0,21,16,26,0,17,24,0,27,25,19,18,20,107,0,0,104,103,0,106,101,0,108,111,102,85,0,0,0,78,0,0,83,77,76,0,79,0,10,5,0,0,9,12,6,0,11,7,4,0,130,133,125,126,134,132,124,0,131,135,127,29,0,30,0,0,36,32,28,38,35,34,33,42,51,41,46,47,43,50,40,0,49,0,48,75,68,67,73,72,70,65,69,71,64,66,74
14,0,5,9,15,7,8,11,0,0,10,4,106,0,0,104,105,107,100,102,108,0,103,101,0,127,125,133,134,124,126,131,128,0,129,135,66,74,70,71,68,73,67,0,64,69,65,75,0,28,38,35,29,36,34,0,37,31,0,32,119,122,117,116,115,121,118,113,0,120,123,114,97,93,98,96,90,92,99,0,89,88,94,0,20,22,17,27,26,21,0,18,25,23,0,0,141,142,1,0,138,0,144,136,140,143,3,139,41,49,42,51,0,0,44,40,50,47,46,0,54,63,53,58,59,55,0,52,57,61,0,0,87,80,79,0,84,82,77,81,83,76,0,0
0,120,0,0,0,115,116,119,121,114,118,0,70,75,74,68,69,71,64,66,72,73,67,65,96,91,89,97,0,0,90,95,0,94,93,0,30,0,34,35,32,37,31,36,28,33,29,39,141,136,2,143,0,144,142,0,1,139,0,140,83,86,81,80,79,85,0,77,76,84,87,78,61,57,62,60,54,56,63,0,0,52,58,0,0,130,125,135,0,0,132,126,133,131,127,0,105,106,0,101,102,0,108,100,104,107,111,103,5,13,6,0,0,12,8,4,0,11,10,9,18,27,17,22,23,0,26,16,21,25,20,24,51,44,43,0,0,46,41,45,0,40,0,50
134,132,125,129,135,127,128,0,133,0,130,0,0,87,86,80,81,83,76,78,84,85,79,77,108,103,101,109,110,100,102,107,104,106,105,111,42,50,0,47,44,49,43,48,40,45,41,51,9,0,14,11,5,0,10,15,0,7,6,8,95,98,0,92,91,97,94,89,0,0,99,90,73,69,0,72,66,0,75,71,65,64,70,67,140,142,0,3,2,0,0,138,0,0,139,136,0,0,121,113,114,0,120,112,116,119,123,115,17,25,18,0,19,24,0,16,26,0,22,21,30,39,29,34,35,31,0,28,0,37,32,36,63,56,55,61,60,0,53,0,59,0,54,62
0,24,0,21,0,19,20,23,25,18,22,16,118,123,122,116,117,119,112,114,0,0,115,113,144,0,137,0,2,136,138,143,140,142,141,3,78,86,0,83,80,85,79,84,76,81,77,0,45,40,50,0,41,48,46,51,49,0,42,44,131,134,129,128,0,0,130,125,0,132,135,0,109,105,0,108,102,0,111,107,101,100,106,103,0,34,29,0,38,33,36,30,37,0,31,28,9,10,13,0,0,0,12,4,8,0,15,7,53,61,54,63,55,60,56,52,62,0,58,57,66,75,65,70,71,67,74,64,69,0,68,72,99,92,91,97,96,94,89,93,0,88,90,0
110,108,101,105,111,103,104,0,0,102,106,100,58,0,62,0,57,59,0,0,60,61,55,0,84,79,0,0,0,76,0,0,80,0,81,87,18,26,22,23,20,0,0,24,16,21,17,27,129,0,134,131,0,132,130,135,133,0,126,128,71,74,69,0,67,73,70,65,64,72,75,0,49,45,50,48,42,0,51,0,41,0,46,43,116,0,113,123,122,117,120,114,121,119,115,112,0,94,97,89,0,98,96,0,92,95,0,0,0,1,138,0,0,144,140,136,2,143,142,141,0,15,5,10,11,7,14,4,9,13,8,12,39,32,31,37,36,34,29,33,35,28,30,0
62,60,53,57,0,55,56,59,61,54,58,52,10,15,14,8,9,11,4,6,12,13,0,5,36,31,29,37,38,28,0,35,32,34,33,39,114,0,118,119,116,0,115,120,112,0,0,123,81,76,86,83,77,84,82,87,85,79,78,80,0,26,0,20,19,25,22,17,0,24,27,0,1,0,2,144,0,0,3,143,137,0,142,139,68,70,65,75,0,69,72,66,73,0,67,64,45,46,49,41,42,50,48,0,0,47,51,43,89,97,90,0,91,0,92,88,98,0,94,0,0,111,101,106,0,103,0,100,105,109,104,0,0,0,127,133,0,130,0,129,131,124,126,0
50,48,41,45,51,43,44,0,49,42,0,40,142,3,2,140,0,143,136,138,0,1,139,137,0,0,17,25,0,16,18,23,0,0,0,27,102,0,0,107,0,109,103,0,0,105,0,111,69,0,74,71,65,72,70,75,0,67,66,68,11,14,9,8,7,13,0,0,4,0,0,6,133,129,134,132,0,128,135,131,125,124,0,127,56,58,53,63,62,57,60,54,0,59,55,52,33,34,37,29,30,38,0,0,32,35,0,0,77,85,78,0,0,84,0,76,86,83,82,81,90,0,89,94,95,0,98,88,93,97,92,96,123,116,115,121,120,118,0,117,119,112,114,122
86,84,77,81,87,79,80,83,85,78,0,0,34,39,0,32,33,35,28,30,0,37,31,29,60,55,53,61,62,52,54,59,0,58,57,0,138,0,0,0,140,1,139,144,136,141,137,3,105,100,110,107,101,108,106,111,109,103,102,0,47,50,0,44,43,49,46,0,40,48,0,42,25,21,26,24,18,20,0,23,0,16,22,19,92,94,0,99,98,93,96,90,97,95,91,88,69,70,0,0,66,0,72,64,68,71,75,67,113,121,114,123,0,120,116,112,122,119,0,117,0,135,0,130,131,0,134,124,129,133,128,132,15,0,7,13,12,0,5,9,11,4,6,14
98,0,89,93,0,91,92,0,97,90,94,88,46,51,50,0,45,47,40,42,48,49,43,0,72,67,65,73,74,0,66,0,68,70,69,75,0,14,10,0,8,0,7,12,4,9,5,0,117,112,122,119,113,120,0,123,121,0,114,116,59,0,0,56,55,0,58,53,52,0,63,54,37,0,38,36,0,0,39,35,29,28,34,0,104,106,101,111,110,105,108,102,109,0,0,0,81,82,85,0,78,86,84,76,80,83,87,79,125,0,126,0,127,0,128,124,134,131,0,0,138,3,137,142,143,139,2,136,141,1,140,144,0,0,19,25,24,0,17,21,23,0,18,26
74,72,65,69,75,0,68,71,73,66,70,0,22,0,26,0,21,23,16,18,0,0,0,17,48,43,41,49,50,40,42,47,44,46,45,51,126,0,0,131,128,0,0,132,124,129,125,135,93,88,98,95,89,0,94,0,97,91,90,0,35,38,33,0,31,37,34,0,28,36,39,30,0,9,14,12,6,8,15,11,5,4,0,7,80,82,0,87,0,81,84,78,85,83,79,76,57,58,0,53,54,62,60,52,56,59,63,55,101,109,102,111,0,0,0,100,110,107,106,105,114,123,113,118,119,115,122,112,117,121,116,120,3,140,139,1,144,0,137,0,143,0,138,2
0,38,31,35,0,33,34,37,39,32,0,30,132,137,136,130,131,133,126,0,0,135,129,127,0,9,7,15,16,6,0,13,10,0,11,17,92,100,0,97,94,99,93,98,0,0,91,101,59,54,64,61,55,62,60,65,0,57,56,58,1,0,143,142,141,3,144,139,138,2,5,0,0,0,124,0,0,118,125,121,115,114,120,117,46,48,43,53,0,0,50,44,0,49,0,0,23,24,0,19,20,28,26,18,22,25,0,0,67,0,68,77,69,74,70,66,0,0,72,71,80,89,79,84,85,81,88,78,83,87,0,86,113,106,105,0,110,108,103,0,109,102,104,112
136,0,127,131,0,129,130,0,135,0,0,126,84,89,0,82,83,85,78,80,86,0,81,0,110,105,0,0,0,0,104,0,106,0,107,113,44,52,48,49,46,0,45,50,42,47,43,0,0,0,16,13,7,14,12,17,15,9,8,0,0,100,95,94,93,99,96,0,90,98,101,92,75,71,0,74,68,70,77,73,67,66,72,69,142,0,139,0,0,143,2,140,3,1,141,138,119,120,123,115,116,0,122,114,118,121,125,117,0,27,20,0,21,26,22,18,28,25,24,23,0,41,31,36,37,33,40,30,35,0,34,0,65,58,57,63,62,60,55,59,61,54,56,64
124,122,115,119,125,0,118,0,123,116,120,114,72,77,76,70,71,73,66,68,74,75,69,0,0,93,91,0,100,90,92,97,94,96,95,101,32,0,36,37,34,39,0,38,30,35,31,41,0,138,4,1,139,2,144,5,3,141,140,142,85,0,83,82,81,87,84,0,78,86,89,80,63,59,0,62,56,58,65,61,55,54,60,57,0,132,127,137,136,131,0,128,135,133,129,0,107,108,111,103,104,112,110,102,106,0,113,0,0,15,8,17,9,0,10,6,0,13,12,11,20,0,0,0,25,21,28,18,23,0,22,0,53,46,0,51,50,48,43,47,0,42,44,52
112,0,103,0,0,0,0,109,111,104,0,102,0,0,64,58,59,61,0,0,0,63,57,0,86,0,79,0,88,78,80,85,82,84,83,89,20,28,24,25,22,27,21,26,18,23,19,29,131,126,136,133,127,134,132,137,0,129,128,130,0,76,0,70,69,0,72,67,66,74,77,0,51,47,0,0,44,46,53,49,43,42,48,45,118,120,115,125,124,119,122,0,123,0,117,0,0,0,99,0,92,100,98,90,94,97,101,93,139,3,140,0,141,2,142,138,4,1,0,0,8,0,7,0,13,9,16,6,11,15,10,0,0,34,33,39,38,36,0,35,37,0,32,40
0,98,91,95,101,0,94,0,99,92,96,0,48,53,52,46,47,49,42,44,50,0,0,43,74,69,67,75,76,66,68,73,70,72,71,77,0,16,12,13,10,15,9,14,6,11,7,17,119,114,124,121,115,0,120,125,0,0,116,118,61,64,0,58,57,0,60,55,54,0,65,56,39,35,40,38,32,34,0,37,31,30,36,0,0,108,0,113,0,0,0,0,111,109,105,0,83,84,0,0,80,88,0,78,0,85,89,0,127,0,128,137,129,134,130,126,0,0,132,0,0,5,139,144,0,0,0,138,143,3,142,2,0,22,0,0,26,24,19,23,0,0,20,0
28,0,0,23,29,21,22,25,0,0,24,0,0,0,0,0,119,121,114,116,122,123,117,115,2,141,0,0,4,138,140,0,142,144,0,0,0,88,0,85,82,87,81,0,78,83,79,89,47,42,52,49,43,50,48,0,51,45,44,46,133,136,131,0,129,135,132,127,126,134,0,0,111,107,112,110,104,106,113,109,103,102,0,0,34,0,0,0,40,0,0,32,39,37,33,30,11,12,15,7,8,16,14,6,10,13,17,9,55,63,56,65,57,62,58,54,64,61,60,59,68,77,67,72,73,69,0,0,71,75,70,74,101,94,93,99,98,96,91,95,97,90,92,100
4,2,139,0,5,0,142,1,3,140,144,138,96,101,100,94,0,97,0,92,98,99,93,0,0,117,0,0,124,114,0,0,0,120,119,125,56,64,60,61,58,63,57,62,54,59,0,65,23,18,28,25,19,0,0,0,27,21,20,22,109,0,107,0,105,0,108,103,102,110,113,104,87,83,88,0,80,82,89,85,0,0,84,81,10,12,0,17,16,11,14,8,15,13,9,6,131,0,135,127,0,136,134,126,130,0,137,129,0,39,0,0,33,0,34,0,40,37,36,35,44,0,43,48,49,45,52,42,47,51,46,50,0,70,69,75,74,72,67,71,73,66,0,76
0,62,55,59,65,57,58,0,0,56,60,54,12,17,0,10,11,13,6,8,14,0,9,7,0,33,0,0,40,30,0,37,34,36,35,41,116,0,120,121,118,0,0,122,114,0,115,125,0,0,88,85,79,0,84,89,0,81,80,82,0,28,23,22,21,27,24,19,18,26,0,20,3,143,4,2,140,0,0,1,0,138,0,141,70,72,67,77,76,71,74,68,75,73,69,66,47,48,51,43,44,52,50,42,46,49,53,45,91,99,92,101,93,98,94,90,0,97,96,95,104,113,0,108,109,105,112,102,107,0,0,110,137,130,0,135,0,0,127,131,133,0,128,136
52,0,43,47,0,45,0,49,0,0,48,42,144,5,4,142,143,1,0,140,0,3,0,0,26,21,19,27,0,18,20,0,22,24,23,0,104,0,108,109,0,111,105,110,102,107,103,113,71,0,76,73,67,74,72,77,75,0,0,70,13,0,11,10,9,0,12,7,6,14,17,8,0,131,136,134,0,130,0,0,127,126,0,0,58,60,55,0,0,59,62,56,63,61,57,54,35,36,39,31,0,40,38,30,0,37,41,33,79,0,80,89,81,86,82,0,0,85,0,83,0,101,91,96,97,93,100,90,95,0,94,98,125,0,117,123,0,120,115,119,121,0,0,0
16,0,0,0,17,9,0,0,15,8,12,0,0,113,112,106,107,109,102,104,110,0,105,0,134,129,127,0,0,126,128,0,130,132,131,137,68,76,72,73,70,75,0,74,0,71,0,77,35,30,40,37,0,38,36,41,0,33,32,34,121,124,119,118,0,123,0,115,0,122,125,116,99,95,0,98,92,94,101,97,91,0,96,93,22,0,19,29,28,23,26,20,27,25,0,18,143,144,3,139,140,4,2,138,0,1,5,141,0,51,44,53,45,0,46,0,52,0,0,47,56,0,55,0,61,0,64,54,59,63,58,0,89,82,81,87,86,84,79,83,85,78,0,88
76,74,67,0,77,0,70,0,75,0,72,66,24,0,28,22,23,25,18,20,26,27,21,0,50,0,0,51,52,42,44,0,46,48,47,53,128,0,132,0,130,135,129,134,126,0,0,137,0,0,100,97,91,98,96,101,99,93,0,94,37,0,35,0,0,0,36,31,0,38,41,32,15,11,16,14,8,10,17,0,7,6,0,0,82,84,0,89,0,0,0,80,87,0,81,78,0,60,0,55,56,64,0,0,58,61,65,57,103,111,0,113,0,110,106,102,112,109,108,107,116,0,115,120,121,117,124,114,119,0,118,0,5,142,141,3,2,144,139,143,1,0,140,0
88,86,0,83,0,0,0,85,87,80,84,0,36,41,0,34,35,0,30,32,38,39,33,0,62,57,0,63,64,54,56,0,58,60,0,65,140,0,144,1,142,0,141,0,0,143,139,5,107,102,112,109,103,110,0,113,111,0,104,106,0,0,0,46,45,0,48,0,42,50,53,44,27,23,28,0,20,22,29,25,0,18,0,0,94,96,0,101,0,95,98,92,99,97,93,90,71,72,75,67,68,76,74,66,70,0,77,69,115,123,116,125,117,0,118,114,124,121,120,119,0,137,127,0,0,129,136,0,131,0,130,134,0,0,9,15,0,12,0,0,13,6,8,0
89,0,80,84,0,82,83,86,88,81,0,0,37,42,41,0,36,38,31,33,39,0,0,0,63,58,56,64,65,55,0,62,59,61,0,66,141,5,1,2,143,4,142,3,0,144,140,6,108,103,0,110,104,111,109,114,112,106,105,0,50,53,48,0,46,52,49,44,43,51,54,0,28,24,29,27,21,23,30,0,20,19,0,0,95,97,92,102,101,96,0,93,100,98,0,91,0,0,0,68,69,77,75,0,71,0,78,0,116,0,117,126,118,0,119,115,0,122,0,0,129,138,128,133,0,130,137,127,132,136,131,135,18,11,10,0,15,13,0,12,0,0,9,17
53,51,44,0,54,46,47,50,52,45,49,0,0,6,5,143,144,2,139,141,0,4,142,0,27,22,20,28,29,19,0,26,0,25,24,30,105,113,109,110,107,112,0,0,103,0,104,0,72,67,77,0,68,75,0,78,76,70,69,71,14,17,0,11,10,0,13,8,7,0,0,0,136,132,0,135,0,131,138,134,128,127,133,0,0,61,0,66,65,0,63,0,64,62,58,55,36,37,0,32,33,41,39,31,35,38,42,34,80,88,0,90,82,87,83,79,89,86,85,84,0,102,92,97,98,0,0,91,0,100,95,0,0,0,0,124,123,0,116,120,0,0,117,125
5,0,0,144,6,0,0,2,4,141,1,139,97,102,101,0,96,98,91,93,99,100,94,92,0,118,116,124,0,0,0,122,119,121,120,126,57,65,61,62,0,64,0,63,55,60,56,66,24,19,0,26,20,27,25,30,28,22,0,23,110,0,108,107,0,112,0,104,103,111,114,105,88,84,89,87,81,0,0,86,0,79,0,82,11,13,8,0,17,12,0,9,16,14,10,7,0,133,136,0,129,137,135,127,0,134,138,130,32,40,33,42,34,0,0,0,41,38,37,36,0,54,44,49,50,46,53,43,48,52,0,51,78,71,70,0,75,0,68,72,74,0,69,77
65,63,56,0,0,58,0,0,64,0,61,55,13,18,17,0,12,14,7,0,15,16,0,0,0,0,0,40,0,31,33,38,35,37,36,42,117,125,0,0,119,124,118,123,0,120,0,126,84,79,0,86,80,87,0,90,88,82,0,83,0,29,24,23,0,28,25,20,19,27,30,21,0,0,5,3,0,0,6,2,140,0,0,142,0,73,68,78,77,72,75,69,76,74,70,0,48,49,0,44,45,53,51,43,0,0,54,46,92,0,93,102,94,99,0,91,101,98,97,96,0,114,0,109,110,106,113,103,108,112,107,111,138,131,0,0,135,133,128,132,134,0,0,137
125,123,116,120,126,118,119,0,124,0,121,115,73,78,77,0,72,0,67,69,75,0,70,0,99,0,92,100,101,91,0,98,95,97,0,102,0,0,37,38,0,40,0,39,31,36,0,42,144,139,5,2,140,3,1,6,4,142,141,0,86,89,84,83,0,0,0,80,0,87,90,81,64,60,65,0,0,59,66,62,56,0,61,58,131,0,128,138,0,132,135,129,136,134,0,127,108,109,112,104,105,113,111,0,107,110,114,106,8,16,9,18,10,15,11,7,17,14,0,12,21,30,20,0,26,0,29,19,0,0,23,27,54,0,0,52,51,49,0,48,50,0,0,0
137,0,0,132,0,0,131,134,0,0,133,127,85,90,0,0,84,0,0,0,0,0,82,80,111,106,0,0,113,103,105,110,0,0,108,0,45,53,49,50,47,0,0,0,43,48,44,54,12,7,17,14,0,15,13,18,16,10,0,11,0,0,0,95,0,100,97,92,0,99,102,93,76,72,77,75,69,71,78,74,68,67,73,70,143,1,140,6,5,144,3,141,0,2,142,139,0,121,0,116,0,125,123,0,0,122,126,118,20,28,21,30,22,27,23,0,29,26,25,0,33,42,32,0,38,34,41,31,36,40,35,0,66,59,0,64,63,61,0,60,62,55,57,0
77,75,68,72,78,70,71,74,76,69,73,67,25,0,29,23,0,26,19,21,27,28,22,20,51,46,0,52,53,43,45,50,0,49,0,54,129,137,133,134,131,136,130,0,127,132,128,138,96,91,101,98,92,99,97,0,100,0,93,0,38,41,0,35,34,40,37,32,31,39,42,33,0,12,17,15,9,11,0,14,8,7,13,10,0,85,0,90,89,84,87,81,88,86,82,79,60,0,0,56,57,0,63,55,59,62,66,58,0,112,105,114,0,111,107,0,113,110,0,108,117,126,116,121,122,118,125,115,120,124,119,0,6,0,142,4,3,0,0,144,2,139,0,5
41,0,32,0,42,34,35,38,40,33,37,31,0,0,137,131,0,134,127,129,135,136,0,128,15,10,8,16,17,7,9,0,11,13,12,18,93,101,97,98,95,100,94,0,91,96,92,102,0,55,65,62,56,63,61,0,64,58,0,0,2,5,144,143,0,0,1,140,0,3,6,141,124,120,0,0,0,119,126,122,116,115,0,0,0,0,0,0,53,48,51,0,0,50,46,43,0,0,0,20,21,29,27,19,23,26,30,22,0,76,69,78,70,0,71,67,77,74,73,0,0,90,0,85,86,82,89,79,0,88,83,87,0,107,106,0,0,109,104,0,110,103,0,113
29,27,20,24,30,22,0,26,28,21,25,0,121,126,125,0,120,0,0,117,0,0,118,116,3,142,140,0,5,139,0,2,143,1,0,0,81,0,85,0,0,0,0,0,79,84,80,90,48,43,53,50,44,0,0,0,52,46,45,47,134,0,132,131,0,0,133,128,0,0,138,129,112,108,113,111,105,0,0,0,0,0,109,0,0,37,0,42,41,36,0,33,40,0,34,31,12,13,0,8,9,17,0,7,0,0,0,10,56,64,57,66,58,0,59,55,65,62,61,0,69,78,68,73,74,70,0,67,72,76,71,75,102,0,94,0,0,97,92,0,98,91,93,101
101,99,92,0,102,0,95,98,100,93,97,91,49,54,53,47,48,50,43,45,51,0,46,44,0,0,68,76,0,0,69,74,71,73,72,78,9,17,0,14,11,0,10,15,7,12,0,18,0,115,0,122,0,123,121,0,124,118,117,0,0,65,60,0,0,64,61,56,55,63,0,57,40,36,0,39,33,0,42,38,32,0,37,34,107,109,104,114,0,108,111,105,112,0,106,103,84,85,88,80,81,0,87,79,83,86,90,82,128,136,129,138,130,135,131,127,137,134,133,132,141,6,140,1,2,142,5,139,0,0,143,0,30,0,22,28,0,25,20,24,26,19,21,0
0,0,104,108,0,0,107,110,112,0,0,0,61,66,0,59,60,0,55,57,63,64,58,0,87,82,80,88,89,0,81,86,83,85,84,90,0,29,0,26,23,0,22,0,0,24,20,0,132,0,137,134,0,135,133,138,0,130,129,131,74,77,72,71,70,76,73,68,67,75,0,69,0,48,53,51,45,47,54,50,44,43,49,0,119,0,116,0,125,120,123,117,124,122,118,115,96,97,100,92,93,101,99,91,95,98,102,0,140,0,141,6,0,3,143,139,5,2,0,144,9,18,8,13,14,10,17,7,12,16,11,15,0,0,34,40,39,37,32,0,38,31,33,41
17,0,8,0,18,10,0,14,16,9,0,7,109,114,113,107,108,110,103,105,111,0,0,0,135,130,128,136,137,127,129,134,0,133,0,138,69,77,73,0,71,76,0,75,67,72,68,78,0,0,0,38,32,39,37,42,40,34,33,35,0,125,120,119,118,124,121,116,115,123,126,117,100,96,101,0,93,95,102,98,92,91,97,94,23,25,20,30,29,24,0,21,0,0,22,19,0,0,0,0,141,5,3,0,143,2,6,142,44,0,0,54,46,0,47,43,53,50,49,48,57,66,0,61,0,0,0,55,60,64,0,63,90,0,82,88,87,0,80,84,86,0,0,89
120,0,111,115,121,0,114,117,0,112,116,0,68,0,72,0,0,0,62,64,70,0,65,63,94,89,87,95,96,0,0,93,90,92,91,97,28,0,0,33,0,35,29,34,0,0,27,37,139,134,144,141,135,142,140,0,143,137,136,138,0,84,79,78,77,83,0,75,74,82,85,76,59,55,60,58,0,0,61,0,51,50,56,53,126,128,123,133,132,127,130,124,131,0,125,0,0,104,107,99,100,108,106,98,102,0,109,101,0,11,4,0,5,10,0,2,12,9,8,7,16,25,15,20,21,17,24,0,19,23,18,22,0,0,41,47,0,44,0,43,45,38,40,0
96,94,0,0,97,89,90,93,0,0,92,86,44,49,48,0,43,0,38,0,46,47,41,0,70,65,63,71,72,62,0,69,66,68,67,73,4,12,0,9,0,11,5,10,2,7,3,13,115,0,120,117,111,118,0,121,0,0,112,114,57,60,0,54,53,59,56,51,50,58,61,0,35,0,36,34,28,30,37,33,27,26,32,29,0,104,99,109,0,103,106,100,107,105,101,98,79,80,83,75,76,84,82,74,78,81,85,77,123,131,124,0,125,130,126,0,132,0,0,127,136,0,135,140,141,137,144,0,0,0,138,142,0,0,17,23,0,20,15,0,21,0,16,0
24,0,15,0,25,0,0,0,0,16,20,14,116,121,0,114,115,117,110,0,118,0,113,111,142,137,135,143,144,134,136,141,138,0,139,1,76,84,80,81,78,0,77,82,74,79,75,85,43,38,48,45,39,46,44,49,47,41,40,42,129,132,127,0,125,0,0,123,122,130,133,0,107,0,108,106,0,102,109,0,99,98,104,101,30,32,27,0,0,31,34,28,35,33,0,26,7,8,0,3,4,12,10,2,0,9,13,5,0,59,52,61,53,0,54,0,60,57,56,55,64,73,63,68,69,65,72,62,67,71,66,0,97,0,89,95,94,92,87,91,93,0,88,96
72,70,0,0,73,65,66,0,71,64,68,62,0,25,24,18,0,21,0,16,0,23,17,15,0,41,0,0,48,38,40,0,42,44,0,49,0,132,128,129,126,0,0,130,122,0,123,133,91,0,96,93,0,94,0,97,95,89,88,0,33,36,31,30,29,35,32,0,26,0,37,28,11,7,12,10,4,6,13,9,3,2,0,5,78,80,0,0,84,79,82,0,83,81,77,74,0,56,0,51,0,60,0,50,0,57,61,53,0,107,100,109,101,0,102,98,108,105,104,103,112,0,0,116,117,113,120,110,0,119,0,118,1,0,0,143,142,140,135,139,141,134,136,144
144,142,135,139,1,137,138,141,143,136,140,134,92,97,0,90,91,93,86,88,94,95,0,87,118,113,0,119,120,110,112,117,0,116,115,121,52,60,0,57,54,59,53,58,50,0,51,61,19,14,24,21,15,22,20,0,0,0,0,0,105,0,103,102,101,107,104,99,98,0,0,100,83,79,84,82,76,78,85,81,75,74,80,77,6,0,3,0,12,7,10,4,11,9,5,0,127,0,131,123,124,0,130,122,126,129,133,0,0,35,28,37,29,34,30,26,0,33,32,31,0,49,39,0,45,41,48,0,0,47,42,46,73,66,65,71,70,68,63,67,69,62,0,72
108,106,99,103,109,101,0,105,107,100,104,0,56,61,60,54,55,57,50,52,0,59,53,51,82,77,75,83,84,0,76,0,78,80,79,85,16,24,0,21,18,0,17,22,0,19,0,25,127,122,0,129,0,0,0,133,131,125,124,126,69,72,67,66,65,71,68,63,62,70,73,0,0,0,48,46,40,42,49,45,0,0,44,41,114,116,111,0,120,115,118,112,119,117,113,110,0,92,95,87,88,0,94,0,90,93,97,0,0,0,136,1,137,142,138,0,144,141,140,139,4,13,0,8,9,5,0,2,0,11,0,10,0,30,29,35,34,32,0,31,33,0,28,36
12,0,0,7,0,0,0,9,11,4,8,2,104,109,108,102,103,105,0,0,106,0,101,99,130,0,123,0,132,122,0,0,126,128,127,133,0,72,0,69,66,71,0,70,62,67,63,0,31,26,0,33,0,34,32,37,35,29,28,30,117,0,115,114,113,0,116,111,110,118,0,112,95,91,96,94,88,0,97,93,0,86,92,89,18,20,15,25,24,19,22,16,23,21,17,0,139,0,143,0,136,144,142,134,138,141,1,137,39,47,40,49,0,46,42,38,48,45,44,43,0,61,51,56,57,53,60,0,55,59,54,58,85,78,77,83,0,80,75,79,0,74,0,84
60,58,51,0,0,0,54,57,59,0,56,50,8,13,0,6,0,9,2,4,0,11,0,3,34,29,0,35,36,0,28,0,30,32,31,37,112,0,0,117,114,119,0,118,0,115,0,121,79,0,84,81,75,82,80,85,0,0,76,78,21,24,19,0,0,23,20,0,14,22,25,16,0,139,144,142,136,138,1,141,135,0,140,137,66,68,63,73,0,67,70,64,71,69,65,62,43,44,47,39,40,48,0,38,42,45,49,41,87,95,88,97,89,94,90,86,0,93,0,91,100,109,99,104,105,0,108,98,0,107,102,106,133,126,125,131,130,128,123,127,129,122,124,132
0,130,123,127,133,125,0,0,131,124,0,122,80,85,0,78,79,81,0,0,82,0,77,75,106,0,99,107,108,98,100,0,102,104,103,109,0,48,0,0,0,0,41,0,38,43,39,49,0,0,12,9,3,10,8,0,11,5,4,6,93,96,91,90,89,95,92,0,0,0,97,88,0,0,72,70,64,66,73,69,63,0,0,65,138,140,135,1,144,139,142,136,143,141,137,134,115,116,119,0,0,0,118,110,114,117,121,113,15,23,16,25,17,0,18,0,24,21,20,19,28,0,27,32,33,0,36,26,31,35,0,0,61,54,53,59,0,56,51,55,57,50,0,60
0,0,27,31,37,29,30,33,35,28,0,26,128,133,132,0,127,0,122,124,130,131,125,123,10,5,3,0,12,2,4,9,0,8,0,0,88,96,92,93,90,95,89,94,86,0,87,97,55,50,60,57,51,58,0,61,59,53,0,0,141,144,139,138,137,143,140,135,0,142,1,136,119,115,120,118,112,114,121,117,0,0,116,113,0,44,39,49,48,43,46,40,47,45,41,38,19,20,23,15,16,24,22,14,18,0,25,17,0,71,64,73,65,70,66,62,0,0,68,67,76,0,75,80,81,77,84,74,79,83,78,0,0,102,101,107,0,104,99,103,105,0,100,108
48,46,39,0,0,41,0,45,0,0,44,38,0,1,0,138,139,141,0,136,142,143,137,135,22,17,15,23,24,14,0,21,0,20,19,25,100,108,104,105,102,107,101,0,98,103,99,0,67,0,0,69,63,70,68,0,0,65,0,0,0,12,7,6,5,11,8,0,2,10,13,0,131,127,132,0,0,126,133,129,0,122,128,125,54,56,0,0,60,0,58,0,59,57,53,0,31,32,0,27,0,36,0,26,30,0,37,29,75,0,76,85,77,0,78,74,0,81,80,79,88,97,87,0,93,0,96,86,91,95,90,0,121,114,113,119,118,116,0,0,117,110,0,120
84,0,75,79,85,77,0,0,83,76,80,74,32,0,36,30,31,33,26,28,34,35,29,27,58,0,51,0,60,50,0,57,54,56,55,61,136,144,0,0,138,0,0,142,134,139,0,1,103,98,108,0,0,106,0,109,0,101,100,102,45,48,0,42,41,47,44,39,38,46,0,40,23,19,24,22,0,18,25,21,15,14,0,17,90,0,87,0,96,91,0,88,0,93,89,0,67,68,71,63,0,0,70,62,0,69,73,65,111,0,112,121,113,0,114,0,120,117,116,0,124,133,123,128,129,125,0,122,127,131,0,130,13,0,5,11,10,8,0,7,9,0,0,12
22,0,13,17,23,15,16,19,21,0,18,12,114,119,118,112,113,115,108,110,116,117,111,109,140,135,0,141,142,132,134,139,0,138,137,143,74,0,78,79,76,81,0,80,0,0,0,83,41,36,46,43,0,0,0,47,45,39,0,40,127,130,125,124,123,129,126,121,120,128,131,122,105,0,106,0,0,100,0,0,97,96,102,99,28,30,25,35,34,29,32,26,33,31,27,0,5,6,9,0,2,10,8,0,0,7,11,3,49,57,50,0,51,56,52,48,0,55,54,0,0,71,61,66,67,0,70,60,0,69,0,68,95,88,87,93,92,0,85,89,91,84,0,94
0,0,0,77,83,0,76,79,0,0,78,72,30,35,34,0,29,0,24,26,32,33,27,25,56,51,49,57,58,48,50,55,0,54,53,59,134,142,0,139,136,141,0,0,132,137,133,143,101,96,106,103,97,104,102,107,105,99,98,100,43,46,41,0,39,45,42,0,0,0,0,38,21,17,22,0,14,16,0,19,0,12,18,15,88,90,0,95,94,89,92,0,0,91,87,84,65,0,69,0,62,70,68,60,0,67,71,63,109,117,0,119,111,0,112,108,118,115,0,113,0,131,121,126,127,123,130,0,0,129,0,128,11,4,3,9,8,6,1,5,7,0,0,10
106,0,0,101,107,99,100,0,105,98,102,96,54,0,58,52,53,55,48,50,56,57,51,49,80,75,73,81,82,72,74,79,76,78,0,83,14,0,18,19,16,0,15,20,12,0,13,23,125,120,130,127,121,0,126,0,129,123,122,124,0,0,65,64,63,69,66,0,0,68,71,62,45,41,0,44,38,0,47,43,37,36,42,39,112,114,109,119,118,0,116,110,117,115,111,108,89,90,93,85,86,94,92,84,88,91,95,87,133,141,134,143,0,140,136,132,142,139,0,137,0,11,1,6,7,3,0,144,0,9,4,0,35,28,0,33,32,30,25,0,0,24,0,0
0,56,49,0,0,51,0,55,0,0,0,0,6,11,10,4,5,7,0,0,0,9,0,1,0,27,0,33,34,0,26,31,28,0,29,0,110,118,114,115,112,117,111,0,0,0,0,119,77,72,0,79,73,80,0,0,81,75,74,76,0,22,0,16,0,0,18,13,12,20,23,14,141,137,142,140,134,0,143,139,133,132,138,135,64,66,61,71,0,0,0,62,69,67,63,60,0,42,45,0,38,46,44,36,40,43,0,39,85,93,86,95,87,92,88,84,0,91,90,89,98,107,97,0,103,99,106,96,101,105,100,104,131,124,0,129,128,126,121,0,0,120,122,0
0,68,61,0,71,63,0,67,69,62,66,60,18,23,22,0,0,19,0,14,20,21,15,13,0,0,37,0,46,36,38,43,40,42,41,47,122,130,126,0,124,129,0,128,120,0,121,0,89,84,94,91,85,92,90,95,93,87,86,0,31,34,0,28,27,33,30,25,24,32,35,26,0,5,0,0,2,4,0,7,1,144,6,0,76,78,73,83,82,0,0,74,0,0,75,72,53,54,0,49,50,0,56,0,52,55,59,51,97,105,98,107,0,104,0,96,106,103,102,101,0,0,0,114,115,111,118,108,113,117,0,0,143,136,0,141,140,138,133,137,139,132,134,142
130,128,121,125,131,123,124,127,129,122,126,120,78,83,82,76,77,79,72,0,80,81,75,73,0,0,97,105,106,96,0,0,0,102,0,0,0,46,42,43,40,45,39,44,36,41,37,47,5,144,10,0,1,8,6,11,9,0,2,0,0,94,89,0,87,93,90,0,84,0,0,86,69,65,70,68,62,64,71,67,61,60,66,63,136,138,133,143,142,137,140,134,141,0,0,0,113,0,117,109,110,118,116,108,112,115,119,111,13,21,14,23,15,20,16,12,22,19,18,17,26,35,25,30,31,27,34,24,29,0,28,32,59,52,51,0,56,54,49,53,55,48,50,58
94,92,85,89,95,87,88,91,93,86,0,84,0,47,0,40,41,43,36,38,44,45,39,37,68,63,0,69,70,60,0,0,64,66,65,71,2,0,6,7,4,9,3,0,144,5,1,11,0,108,118,0,109,0,0,0,0,111,110,112,55,58,0,52,0,57,54,49,48,56,59,0,33,29,34,32,0,0,35,0,25,24,30,27,100,102,0,107,106,101,104,98,105,103,99,96,0,0,0,0,74,82,80,72,0,79,83,75,121,129,122,131,0,0,124,0,0,127,126,125,134,143,0,138,0,135,142,132,137,0,0,140,23,16,15,21,20,18,13,17,19,12,14,22
34,32,25,29,0,27,28,0,33,26,30,24,126,0,0,124,0,0,120,122,128,129,123,0,8,3,0,0,10,144,0,7,4,0,5,11,86,94,90,0,88,0,0,92,0,0,85,95,53,0,58,55,49,56,54,59,0,0,50,52,139,142,137,0,0,141,138,133,132,140,143,134,117,113,118,116,110,0,0,115,109,108,114,111,40,42,37,0,46,41,0,0,45,0,39,36,17,18,21,13,14,0,20,12,16,19,23,15,0,69,62,71,63,68,64,60,70,0,66,65,74,83,73,78,79,75,82,72,77,81,76,80,107,100,0,105,104,0,97,101,0,0,98,106
0,44,0,41,47,0,40,43,45,38,42,0,0,143,142,136,0,0,132,134,140,0,135,133,20,15,0,0,22,12,14,0,0,0,0,23,0,106,102,103,0,105,99,104,96,101,97,107,65,60,0,67,61,68,66,71,0,0,62,64,7,10,5,4,3,9,6,1,144,8,0,2,129,0,0,128,122,0,131,127,121,120,0,0,0,54,49,59,58,53,56,50,57,55,0,0,29,30,0,25,26,34,32,24,28,31,35,27,73,81,74,83,0,80,76,72,82,79,78,77,0,95,85,90,0,87,94,84,89,93,88,0,119,112,0,117,116,114,109,113,0,108,110,118
10,0,1,5,0,0,4,0,9,2,0,144,102,107,106,100,101,103,96,0,104,105,99,97,128,123,121,0,0,0,122,127,124,126,125,131,62,70,66,67,64,0,63,68,60,65,0,71,29,24,0,31,25,32,30,35,33,27,26,28,115,118,113,0,111,117,114,0,108,116,119,0,93,0,94,92,86,88,95,91,0,84,90,87,16,18,13,23,22,17,0,14,21,19,15,0,137,0,141,133,134,142,140,132,136,139,143,0,37,45,0,47,39,44,40,0,0,43,0,41,50,0,0,0,55,51,58,48,53,57,52,56,83,76,75,81,0,78,73,0,79,72,74,0
118,116,109,113,119,0,0,115,117,110,114,108,66,71,70,0,65,67,60,62,68,69,63,61,92,0,85,93,94,84,86,91,0,90,89,0,26,34,30,0,28,33,27,32,24,29,25,35,137,132,142,139,133,140,0,143,141,135,134,136,79,82,77,76,75,81,78,73,72,80,83,74,0,0,58,0,50,0,0,55,49,0,54,51,124,0,121,131,0,125,128,122,129,127,123,0,101,102,105,97,98,0,104,96,100,103,0,99,0,0,0,0,0,0,4,144,10,7,6,5,0,23,13,18,19,15,22,0,0,21,16,20,0,0,39,45,0,0,37,41,43,0,0,0
142,140,0,137,143,135,136,139,0,134,138,132,90,95,94,88,89,91,84,86,92,93,87,85,116,0,109,117,118,108,110,115,112,114,113,119,50,58,54,55,52,57,0,56,48,53,49,59,0,12,22,19,13,20,18,23,21,15,14,0,0,0,101,100,0,105,102,97,0,104,107,98,81,77,82,80,74,0,0,0,73,72,78,75,4,0,1,0,10,5,8,2,9,7,3,144,125,126,0,0,122,0,128,120,124,127,131,123,25,33,26,35,27,32,28,24,0,31,30,0,38,47,37,42,43,39,46,36,41,0,0,44,71,0,63,69,68,0,61,65,0,0,0,70
133,0,124,128,134,0,127,130,132,125,129,123,81,86,85,0,0,0,75,77,83,84,78,76,107,102,100,108,0,0,101,106,103,105,104,110,0,49,0,46,43,48,42,47,0,0,40,50,8,3,13,10,4,11,9,0,12,0,5,0,94,97,92,91,90,96,93,88,0,95,98,89,72,68,73,71,65,67,74,70,64,63,69,0,139,141,136,2,1,140,0,137,0,142,138,0,116,117,120,0,113,121,119,111,115,118,122,0,16,24,17,26,18,0,0,15,25,22,21,20,29,38,28,33,34,30,37,0,32,0,31,0,62,55,54,0,0,0,52,0,58,51,53,61
109,107,0,104,110,102,103,106,108,0,105,99,57,62,0,0,56,58,51,53,59,60,54,52,83,78,76,0,85,75,77,82,79,0,0,86,17,25,21,22,19,24,18,23,15,20,16,26,128,123,0,130,124,131,129,0,132,126,125,127,70,0,68,67,0,0,69,0,0,71,74,0,0,44,0,0,41,43,50,46,40,39,45,42,115,117,0,122,0,116,119,0,120,118,114,111,92,93,96,0,89,97,95,87,91,0,0,90,136,144,137,2,138,143,139,135,0,142,141,0,5,14,4,9,10,6,13,3,0,0,7,11,0,0,30,0,35,0,28,32,0,27,29,37
121,0,112,116,122,114,115,118,120,113,117,0,69,74,73,67,68,70,63,65,71,72,66,64,95,90,0,0,97,87,0,94,0,93,92,98,29,37,33,34,0,36,30,35,27,32,0,0,140,135,1,142,136,0,141,2,144,0,137,139,0,85,80,79,78,84,81,76,75,0,0,77,60,56,61,59,53,55,62,58,0,51,57,54,127,129,124,134,133,0,131,125,132,130,126,123,104,0,108,100,101,109,107,99,103,0,0,102,4,12,0,14,6,11,7,3,0,10,0,8,17,26,0,0,22,18,25,15,20,24,19,23,0,0,42,48,47,45,40,0,46,39,41,49
97,95,88,92,98,0,91,94,96,0,0,0,0,50,49,0,44,46,39,41,47,48,0,40,71,66,64,0,73,0,0,70,0,69,0,0,5,13,9,10,7,0,6,11,3,0,4,14,116,111,0,118,112,119,117,122,0,114,0,115,58,61,56,55,54,60,57,52,51,59,62,53,36,32,37,35,29,31,38,34,28,27,33,0,103,105,100,0,109,104,107,101,108,106,102,99,80,81,0,76,0,85,83,75,0,82,86,0,124,132,125,0,126,131,127,123,133,0,129,128,137,2,0,0,142,138,1,135,140,144,139,143,26,19,18,24,23,21,16,20,22,0,17,25
0,143,0,140,2,138,139,142,144,137,141,135,93,0,0,91,92,0,87,89,0,96,90,88,119,114,112,120,121,111,113,118,0,117,0,122,53,61,57,58,0,60,54,0,51,56,0,0,20,15,25,22,16,23,21,26,24,0,17,19,0,109,0,103,102,108,0,100,0,107,110,101,0,0,85,0,77,79,86,82,0,0,81,78,7,9,4,14,13,8,0,5,12,10,6,3,128,129,132,124,125,133,0,123,127,130,134,126,28,0,0,38,30,0,31,27,37,34,33,0,41,50,40,45,46,0,49,39,44,48,43,0,74,67,66,72,71,0,64,68,70,0,65,73
49,47,0,44,50,42,43,46,48,41,45,39,141,2,1,139,0,0,135,137,143,0,138,136,23,18,0,24,25,15,0,22,19,21,0,0,0,109,105,106,103,108,0,0,99,104,100,0,68,63,73,70,64,0,0,74,72,66,65,67,10,13,0,7,6,12,0,0,3,0,14,0,132,128,133,131,125,127,134,130,124,123,129,0,55,57,52,62,0,0,59,53,60,58,54,51,0,0,36,28,29,37,35,27,0,34,38,30,0,84,77,86,78,83,79,0,85,82,0,0,0,98,88,93,94,90,0,87,92,96,0,95,0,115,114,120,119,117,112,116,0,111,0,0
25,23,16,20,26,18,19,0,0,17,21,15,117,0,0,115,116,118,111,113,119,0,114,0,143,138,136,144,1,135,0,0,139,141,140,2,0,85,81,82,79,0,0,83,75,0,76,86,44,39,0,46,0,47,0,50,48,42,41,43,130,133,128,127,126,0,129,0,123,131,134,125,0,104,109,107,101,103,110,0,100,99,105,0,31,33,28,38,37,32,35,0,36,0,30,27,8,0,12,4,5,13,0,3,7,10,14,0,52,60,53,62,0,59,55,0,61,58,0,56,65,0,0,0,70,66,73,63,68,0,67,71,98,0,0,96,95,0,0,92,0,0,89,97
85,0,0,0,86,0,0,82,0,77,81,0,33,38,0,31,0,34,0,29,35,36,30,0,59,0,52,0,61,0,53,0,0,57,56,0,137,0,141,142,139,144,138,143,0,140,136,0,0,99,0,106,100,107,105,110,108,102,0,103,46,49,44,43,42,48,45,0,39,47,0,41,24,20,25,0,17,0,26,0,16,15,21,18,91,93,88,0,97,92,95,89,96,94,90,0,0,69,72,64,65,73,0,63,67,70,74,0,112,120,113,122,114,119,115,111,121,118,117,116,125,134,124,129,130,126,133,123,128,132,127,0,14,7,6,0,11,9,4,8,0,3,5,0
13,0,4,8,0,6,0,10,0,5,9,3,105,110,109,0,0,0,99,101,107,108,102,100,131,0,124,132,133,123,0,130,0,0,128,0,65,73,69,70,67,72,66,71,63,68,64,74,0,27,0,34,28,35,33,38,0,30,29,31,118,121,116,0,114,120,117,112,111,119,122,113,0,92,0,95,89,91,98,94,88,0,0,90,19,21,16,26,25,20,23,17,24,22,0,15,140,0,144,136,137,0,143,135,139,142,2,0,40,0,0,50,42,47,0,39,49,0,0,44,53,62,52,57,58,54,61,51,56,60,0,59,86,0,0,0,0,81,0,80,82,75,0,85
37,35,0,0,38,30,31,34,36,0,0,27,129,134,133,127,128,130,123,0,0,132,0,124,11,6,4,12,13,3,5,0,7,9,8,14,0,0,0,94,91,96,90,95,0,92,88,98,56,51,61,0,0,0,57,0,0,0,53,55,142,1,140,139,0,144,141,136,135,143,0,137,120,116,0,0,0,115,122,118,112,111,117,0,0,45,0,50,49,44,47,41,48,46,42,39,20,21,24,16,17,0,23,15,0,22,26,18,64,72,0,74,66,71,67,0,73,0,69,68,77,86,76,81,82,78,85,75,80,0,79,83,110,103,102,0,107,105,100,0,0,99,0,109
73,71,64,68,74,66,67,70,0,0,69,63,21,26,0,19,20,22,15,17,23,24,18,16,0,0,40,48,49,39,0,0,0,45,44,50,125,133,129,130,0,132,126,131,123,128,124,134,92,87,97,94,88,95,93,98,96,90,89,0,34,37,32,31,0,0,33,28,27,0,38,0,12,8,13,11,5,0,14,10,0,0,9,6,79,81,76,0,85,80,0,77,0,82,78,0,56,57,60,52,53,0,59,51,55,58,0,54,100,108,101,110,102,107,103,99,109,106,0,104,113,122,0,117,118,114,0,111,116,120,115,119,2,139,138,144,143,141,136,140,142,135,137,1
61,0,52,56,62,54,55,58,60,0,57,51,9,14,13,7,8,10,3,5,0,0,0,4,35,30,0,36,37,27,29,34,31,33,32,38,113,121,117,118,115,120,114,0,111,116,0,122,80,75,85,82,76,83,81,86,84,78,77,0,22,25,20,19,18,24,21,16,15,23,26,0,144,0,0,143,0,139,0,142,0,135,141,138,67,69,64,0,0,68,71,65,72,0,0,0,0,45,48,40,41,0,0,0,43,46,50,42,88,0,0,98,90,95,0,87,97,0,93,92,101,110,0,0,106,102,109,0,104,108,103,107,134,127,126,132,0,0,124,128,130,123,125,133
123,0,0,118,0,116,0,0,122,115,119,113,0,0,0,69,0,0,0,0,0,74,0,66,0,92,90,98,0,0,91,96,93,95,0,100,0,39,35,0,33,38,32,37,0,34,30,40,0,137,3,144,138,1,143,4,2,140,139,141,0,87,82,0,80,86,83,78,0,0,88,79,62,58,63,0,55,57,64,60,0,53,59,56,0,131,126,136,135,130,133,127,134,132,0,125,106,107,110,102,0,111,109,101,105,0,112,104,6,14,7,16,8,0,0,5,15,12,11,10,19,28,18,23,24,0,27,17,22,26,21,25,52,45,44,50,49,47,42,46,48,41,43,51
135,133,126,130,136,128,129,132,0,127,131,0,0,88,0,81,82,84,77,79,85,86,80,78,109,104,102,110,111,0,103,108,105,107,106,112,43,0,47,48,45,0,0,49,41,0,42,52,0,5,15,12,6,0,11,16,0,0,7,0,96,99,94,0,92,98,95,0,89,97,100,91,0,70,0,0,0,69,76,72,66,65,71,0,141,143,138,4,0,142,1,0,2,144,140,137,118,119,122,114,115,0,121,113,117,120,124,0,18,26,19,28,20,25,0,17,27,24,23,22,31,40,30,0,0,32,39,0,0,0,0,0,64,57,56,0,61,59,54,58,60,53,55,63
0,25,18,22,28,0,21,24,0,19,23,17,119,124,0,0,0,0,113,115,121,0,116,114,0,140,138,2,3,0,139,144,141,0,142,4,79,87,0,84,81,86,80,85,77,82,78,88,46,0,51,48,0,49,0,52,50,44,43,45,132,135,130,129,128,134,131,126,0,0,0,0,0,106,111,109,103,105,112,108,102,101,107,0,33,35,30,40,39,34,0,31,0,0,32,29,0,11,14,0,7,15,13,5,9,12,16,8,54,62,55,64,56,61,57,53,63,60,59,58,67,76,66,71,72,0,75,65,70,74,69,0,100,93,92,98,97,95,90,94,96,89,0,0
51,49,42,0,52,0,45,48,0,43,47,41,0,4,3,141,142,144,137,139,1,2,140,0,25,20,18,26,27,0,19,24,21,23,22,28,103,111,107,108,105,110,104,109,101,106,102,0,70,65,0,72,66,73,71,76,74,68,67,0,0,15,10,9,0,14,11,0,5,13,16,7,134,130,135,133,127,129,136,132,126,125,131,128,57,59,54,64,63,58,61,55,62,60,56,53,0,35,38,0,0,39,37,0,0,36,40,32,78,86,0,0,0,85,0,77,0,84,83,82,91,100,90,95,0,92,0,89,94,98,93,97,124,117,116,0,121,119,0,118,120,113,115,123
0,13,6,10,16,8,9,0,14,7,11,5,0,0,111,105,0,108,101,103,0,110,104,102,133,0,126,134,135,0,0,132,0,131,130,136,67,75,71,72,69,74,68,73,0,70,66,0,34,29,39,36,30,37,0,0,0,32,31,0,120,123,118,117,116,0,119,114,113,121,124,115,98,94,99,97,0,93,0,96,0,89,95,92,21,23,18,28,27,22,25,19,26,0,20,17,142,0,2,138,139,3,1,137,141,144,4,140,42,50,43,52,44,49,45,0,51,48,47,46,55,64,54,59,0,56,63,53,58,62,57,61,88,81,80,86,85,83,78,82,84,77,0,0
75,73,66,0,76,68,0,72,74,67,71,0,23,0,27,21,0,24,17,19,0,26,20,18,0,44,42,50,51,41,43,0,0,47,46,0,127,0,131,0,0,134,0,0,125,130,0,136,94,0,99,96,90,97,95,0,0,92,0,93,0,39,34,0,0,38,35,30,29,37,0,31,14,0,15,13,7,9,16,12,6,0,11,8,81,83,78,88,87,82,85,0,86,84,80,0,58,59,62,54,55,0,61,53,57,60,64,56,102,110,103,112,104,109,105,101,111,108,107,106,115,124,114,119,0,116,0,113,118,122,117,0,4,141,140,2,1,143,0,0,0,0,139,0
87,85,0,0,88,80,0,0,0,0,83,77,35,0,39,33,34,36,29,0,37,0,0,30,61,56,0,0,63,53,55,60,0,0,58,0,139,3,143,144,0,2,140,1,137,142,138,4,106,0,111,0,0,0,107,112,110,104,103,105,48,51,46,0,44,50,47,0,41,0,52,0,26,22,27,25,19,21,28,24,18,17,23,20,93,95,90,100,99,94,97,91,0,96,92,89,70,0,74,0,67,0,73,0,69,0,76,68,0,0,115,124,0,121,117,113,0,0,119,118,127,0,126,131,0,128,135,125,0,134,129,0,16,9,0,0,13,11,6,0,0,5,7,15
63,61,54,58,64,56,57,60,62,55,59,53,11,16,15,9,10,0,5,0,0,14,8,0,37,32,0,38,0,0,31,36,33,35,34,40,0,123,119,0,117,122,0,121,113,118,0,0,0,77,87,84,78,85,83,88,86,80,79,0,24,27,22,21,0,26,23,18,17,25,28,19,2,142,0,1,139,141,4,144,138,137,143,140,69,71,66,76,0,70,0,67,74,72,0,65,46,47,50,42,43,51,49,41,45,48,52,0,90,98,0,100,92,97,93,89,99,96,95,94,0,112,102,0,108,104,0,101,106,110,105,109,136,129,0,134,133,131,126,130,132,125,127,135
0,0,30,34,40,32,33,0,38,0,35,0,131,136,0,0,0,132,125,127,0,134,128,126,13,0,6,14,15,5,7,12,9,11,10,16,91,0,95,0,0,0,92,97,89,94,90,0,58,53,0,0,0,0,0,64,62,56,55,57,144,3,142,141,140,0,143,138,137,0,4,139,122,118,123,0,115,117,0,120,0,0,119,116,45,47,42,52,0,46,0,43,50,48,44,41,22,23,0,18,19,27,25,17,21,0,28,20,66,74,0,76,0,73,69,65,75,72,71,70,0,88,78,83,84,80,87,77,82,86,81,85,112,105,104,110,109,107,0,106,108,0,103,111
99,97,90,94,100,92,93,96,98,91,95,89,47,52,0,45,46,0,41,43,49,50,44,42,73,68,66,0,0,65,67,72,69,71,0,76,7,15,0,12,0,14,0,13,5,10,6,16,118,113,123,120,114,121,0,124,0,0,115,117,60,0,58,57,0,62,59,0,0,61,64,0,38,34,0,37,31,33,0,0,30,29,35,0,105,0,102,112,111,0,109,0,110,108,104,101,82,83,0,0,79,87,85,0,81,84,0,0,126,134,127,136,128,133,129,125,0,0,131,130,139,4,138,143,144,140,3,0,0,2,141,1,0,21,0,26,25,23,18,22,24,17,0,27
111,109,0,0,112,104,105,108,0,103,0,101,0,64,63,57,58,60,53,0,61,62,56,54,85,0,0,86,87,0,79,84,81,0,82,88,19,27,23,24,0,26,20,25,17,22,18,28,0,125,135,132,0,133,0,0,134,128,127,129,72,0,0,69,68,74,0,66,65,73,0,67,50,46,51,49,43,0,0,48,0,41,47,0,0,119,114,124,123,118,121,0,122,120,116,113,94,95,98,90,0,99,97,0,93,96,0,0,138,2,139,0,140,0,141,137,3,144,143,142,7,0,0,11,12,0,15,5,0,14,9,13,40,33,0,38,37,35,0,34,0,29,31,39
3,0,138,142,4,0,141,144,0,0,143,137,95,100,0,93,94,96,0,91,97,98,92,90,121,116,114,122,123,113,115,120,117,119,118,124,0,63,59,60,57,0,56,61,53,58,0,64,22,17,27,0,0,0,0,28,26,20,19,0,108,111,106,105,104,110,107,102,101,0,0,0,0,82,87,85,0,81,88,84,78,77,83,80,9,11,6,16,15,10,13,0,14,12,8,5,130,131,134,126,127,0,133,0,129,132,136,128,30,0,31,40,32,37,33,29,39,0,0,0,43,52,42,47,48,44,51,0,46,0,45,49,76,69,68,74,73,0,66,70,72,65,67,75
35,33,26,30,36,0,29,0,0,27,0,25,127,132,0,125,126,128,0,0,129,0,124,122,9,4,2,0,11,1,3,0,5,7,0,12,87,0,91,92,89,94,0,93,85,90,86,96,54,49,59,0,50,0,0,60,58,52,0,53,140,0,138,137,0,0,0,134,133,141,0,135,118,0,119,117,111,113,120,0,110,109,115,112,0,43,38,48,47,42,45,39,46,44,0,37,0,0,22,14,15,23,21,13,17,0,24,16,62,70,63,0,64,69,0,61,0,0,67,0,75,84,74,0,0,76,83,0,78,82,77,81,0,101,100,106,105,103,0,102,104,97,99,107
23,0,14,18,24,16,17,20,0,15,19,13,115,120,0,113,114,116,109,111,0,0,112,110,141,136,134,0,143,133,135,0,137,139,138,0,0,0,79,80,77,82,0,0,73,78,74,84,0,0,0,44,38,0,43,48,46,0,39,41,128,0,0,125,124,130,0,122,121,129,132,0,0,0,107,105,99,101,0,0,98,97,0,100,29,31,26,36,35,0,33,0,34,0,0,25,6,7,10,2,3,11,9,0,5,8,12,4,50,0,51,60,52,57,53,49,59,56,55,54,63,72,62,67,68,64,71,61,66,70,0,69,96,89,88,0,93,91,86,0,92,85,87,95
11,9,0,0,0,0,5,8,0,3,7,1,103,0,107,101,0,104,0,0,105,106,100,98,129,124,122,130,131,0,0,0,125,127,126,132,63,71,67,68,65,0,64,69,61,66,0,72,30,25,35,32,26,33,31,36,34,28,27,29,116,0,114,113,0,118,115,110,109,117,120,111,94,90,95,93,87,89,96,92,86,85,0,88,17,19,14,24,0,0,0,0,22,20,16,13,138,139,0,134,135,0,141,0,137,140,144,136,38,46,39,48,40,45,0,37,47,44,43,42,0,0,50,55,0,52,0,49,0,58,53,57,84,77,76,82,81,0,74,78,80,0,75,0
143,141,134,138,144,136,137,0,0,135,139,133,0,96,95,0,90,92,0,0,93,94,88,0,117,112,0,118,119,109,111,116,0,115,114,120,51,59,55,56,53,0,52,57,49,54,50,60,18,13,23,20,14,21,19,24,22,16,15,17,104,107,102,101,100,106,103,98,97,105,108,99,82,78,83,81,0,77,84,80,74,73,79,76,5,7,2,0,11,0,9,3,10,0,0,1,126,0,0,122,123,131,129,0,125,128,132,124,26,34,27,36,28,0,29,25,35,0,0,30,39,0,0,43,44,40,47,37,0,0,0,0,72,65,0,0,0,67,62,66,68,61,0,71
131,129,122,126,132,124,125,128,130,123,127,0,79,84,83,77,78,80,0,75,81,82,0,74,0,100,98,106,107,0,99,104,101,103,102,108,39,0,0,0,41,46,40,45,37,42,0,48,6,0,11,8,0,9,0,0,0,4,0,0,0,0,0,0,88,0,91,86,85,93,96,0,70,0,71,0,63,65,72,68,62,61,67,0,137,139,134,144,143,138,141,0,142,140,136,133,114,115,0,110,111,119,0,109,113,116,0,112,14,22,15,24,16,21,17,13,23,0,0,18,0,36,26,31,32,28,35,25,30,34,0,0,60,53,52,58,57,55,50,54,56,49,51,0
119,117,110,0,120,112,113,116,118,111,115,109,67,72,0,65,0,68,61,63,69,70,64,62,93,88,86,94,0,85,0,92,89,91,90,96,27,35,31,32,29,34,28,33,0,30,0,0,0,133,143,140,0,141,139,144,142,136,135,137,0,83,78,77,76,82,0,74,0,81,84,75,58,54,59,57,51,0,60,56,50,49,55,52,0,127,122,0,131,126,129,123,0,0,124,121,102,103,0,98,99,107,0,0,101,104,108,100,2,10,3,12,4,0,0,0,11,8,7,0,15,24,14,19,0,16,23,0,0,22,17,0,0,41,0,46,45,43,38,42,44,37,39,47
107,105,98,0,108,100,101,104,106,0,0,0,55,60,59,53,54,0,0,0,0,58,52,50,0,76,74,82,83,73,75,0,77,79,78,84,15,0,19,0,0,22,16,21,13,18,14,0,126,121,131,128,122,129,127,132,130,124,123,125,68,71,66,65,0,0,67,0,61,69,72,63,46,42,47,45,0,41,48,44,38,0,43,40,0,115,110,0,0,114,117,111,118,116,112,109,90,91,0,86,87,95,0,85,89,0,96,88,134,142,0,144,136,141,137,133,143,140,0,138,3,12,2,7,0,4,11,1,6,10,5,9,36,0,0,34,0,31,0,30,32,0,27,35
0,0,86,90,96,88,89,92,94,87,91,0,43,0,47,41,42,44,37,39,45,46,40,0,69,64,62,70,0,61,63,68,0,0,0,72,3,0,7,8,5,10,4,9,1,6,2,12,114,109,119,0,110,117,115,120,118,112,0,113,56,59,54,53,52,0,0,50,49,57,60,51,34,30,35,0,27,29,36,32,26,25,0,28,101,0,98,108,107,102,105,99,106,104,100,97,78,79,82,74,75,83,81,73,77,80,84,76,122,130,0,0,0,129,125,121,0,0,127,126,135,144,134,139,140,136,143,0,138,142,137,0,24,17,16,22,21,0,14,18,0,0,15,23
83,81,74,78,84,0,77,80,82,75,79,73,31,36,0,0,30,32,0,27,33,34,28,26,0,52,50,0,59,49,51,56,53,55,54,0,135,143,0,140,137,0,0,141,133,138,134,144,0,97,107,104,98,0,103,108,106,0,99,0,0,47,42,41,40,46,43,38,37,0,48,39,22,18,23,21,15,17,24,20,14,0,19,16,89,91,0,96,95,0,0,87,94,92,0,85,66,67,70,62,63,71,69,61,65,68,72,64,110,0,111,120,112,117,0,109,119,116,115,0,123,132,0,0,128,0,0,0,126,130,125,129,12,0,4,10,0,0,2,6,0,0,3,11
71,69,0,66,72,0,65,0,70,63,67,61,0,0,0,17,18,20,13,15,0,22,16,14,45,40,38,0,0,0,39,44,0,43,42,48,123,131,127,128,125,130,124,129,121,0,0,132,0,85,0,92,86,93,0,96,94,0,87,0,32,35,0,29,28,0,31,26,25,33,36,0,10,6,0,9,0,5,12,8,2,1,7,4,0,0,74,84,0,0,81,75,82,0,76,0,54,55,58,50,51,59,57,49,53,56,0,52,98,106,99,108,100,105,101,97,107,104,103,102,111,0,110,115,116,112,0,109,0,0,113,117,144,137,136,142,0,139,134,0,140,133,135,0
59,57,50,54,60,52,0,0,0,51,55,49,0,12,11,5,6,0,0,3,0,10,4,2,33,0,26,34,0,0,0,32,0,31,30,36,0,119,0,116,113,118,112,117,109,0,110,120,0,73,83,80,74,81,79,84,82,76,75,77,0,23,18,17,0,22,19,0,13,21,0,15,142,138,143,0,135,137,144,140,0,133,139,136,65,0,62,72,0,66,69,63,70,68,64,0,42,0,0,38,0,0,45,37,41,0,48,40,86,94,87,96,88,93,89,85,0,92,91,90,99,108,98,103,0,100,107,97,102,106,0,105,132,125,124,130,129,127,122,126,0,121,0,131
47,45,0,0,0,40,41,44,46,0,0,0,139,0,0,0,0,140,133,0,0,0,136,134,21,16,14,22,23,13,0,20,0,19,18,0,99,107,103,104,101,106,100,105,97,0,98,108,66,61,0,68,62,0,67,72,70,64,63,65,8,11,6,5,4,10,7,2,1,9,12,0,130,126,0,129,0,125,132,128,0,121,127,124,0,55,50,60,59,54,57,51,58,56,52,49,30,31,34,0,0,35,33,25,29,0,36,0,74,82,75,84,76,0,77,0,83,80,79,78,87,96,0,91,92,0,95,85,90,94,0,0,0,113,112,0,117,0,110,114,116,109,111,119
0,16,0,13,19,11,12,15,17,10,0,0,110,115,114,108,0,111,104,106,112,113,107,105,136,131,0,137,138,128,130,135,132,134,133,139,70,78,74,75,72,77,71,76,68,73,69,79,37,32,42,39,33,40,38,43,41,35,34,36,0,126,121,120,119,125,0,0,116,124,0,118,101,0,102,100,94,96,103,0,93,0,98,95,24,26,21,31,30,25,0,22,0,27,23,20,1,2,5,141,142,6,4,140,144,3,0,0,45,53,46,55,47,52,48,44,54,51,50,49,0,67,57,62,0,0,0,56,61,0,0,0,91,84,0,89,88,86,81,85,87,80,0,90
0,4,141,1,0,143,144,3,5,142,2,140,98,103,0,96,97,99,92,94,0,101,95,0,124,119,117,0,0,116,118,123,120,122,121,127,58,66,0,63,60,65,59,64,56,61,57,0,25,20,30,0,0,28,26,31,0,23,22,24,111,114,109,108,107,113,110,105,0,112,115,106,89,85,90,88,82,84,91,0,0,80,86,83,0,14,9,19,18,13,16,10,17,0,11,0,133,0,0,0,130,138,136,128,132,135,139,131,33,41,34,43,0,40,0,32,42,39,38,37,0,55,45,0,51,0,54,44,49,53,48,0,79,72,71,77,76,74,69,73,75,68,0,78
138,136,129,133,139,131,132,135,0,130,134,128,86,91,90,84,85,87,80,82,88,89,83,81,112,107,105,0,0,104,106,111,0,0,0,115,0,54,50,51,0,53,0,52,44,49,45,55,13,8,18,15,0,16,0,19,17,11,10,12,99,102,97,96,95,101,98,93,92,100,103,94,77,0,78,76,70,72,79,75,69,68,74,0,0,2,141,0,6,1,4,142,0,0,143,140,121,0,125,0,118,126,124,0,120,123,127,119,21,29,22,31,23,28,0,20,30,0,0,25,34,0,0,38,39,35,42,32,37,41,0,40,67,60,59,65,64,62,57,61,63,56,58,66
54,52,45,49,55,47,48,51,0,46,0,44,0,0,6,144,1,0,0,142,0,5,143,141,0,23,21,29,30,20,22,27,24,26,25,0,106,114,0,111,0,113,107,112,104,0,105,115,0,68,78,75,0,0,74,0,77,0,70,72,0,18,13,0,11,17,14,9,8,16,19,10,137,133,138,136,130,132,139,135,129,128,134,131,60,62,57,67,66,0,0,58,65,63,0,0,37,38,41,0,34,42,40,32,0,39,43,35,81,89,82,91,83,0,84,80,90,87,86,85,94,0,93,98,99,95,102,92,97,101,96,100,0,120,119,125,124,122,117,121,0,116,118,126
102,100,0,97,103,95,96,99,101,94,98,92,50,55,54,48,49,51,0,46,52,0,47,45,76,0,69,0,0,68,0,75,72,0,0,79,10,18,14,15,0,17,11,16,0,0,9,19,121,116,126,123,117,124,0,127,125,119,118,0,63,66,61,0,59,65,0,57,56,64,0,58,41,37,0,40,34,0,0,39,33,32,0,35,108,110,0,115,114,109,112,106,113,0,107,104,85,86,89,81,0,0,88,80,84,87,91,83,0,137,130,0,131,136,132,128,138,135,134,133,142,7,141,2,3,0,0,140,1,5,144,4,31,24,23,29,28,26,21,0,27,20,0,30
66,64,57,0,67,0,60,63,65,0,62,0,14,19,18,12,13,15,8,10,16,17,11,0,40,35,33,0,42,0,34,39,36,38,37,43,118,126,122,0,0,125,0,124,0,121,117,127,0,80,90,0,81,88,86,91,0,83,82,0,27,30,25,0,0,29,0,0,20,0,31,22,0,1,6,4,0,144,0,3,141,140,2,143,0,74,69,79,0,73,76,70,0,75,0,68,0,50,53,45,46,0,52,44,48,51,55,0,0,0,94,103,95,0,96,92,0,99,0,97,106,0,105,110,0,0,114,104,109,113,108,112,139,132,0,137,136,0,129,133,0,128,0,138
126,0,117,121,127,119,120,123,125,0,0,0,74,79,78,0,73,75,0,0,76,77,71,69,100,95,93,101,0,92,94,99,0,98,0,103,34,42,38,39,36,41,35,40,32,37,33,43,0,0,6,3,0,4,2,7,5,143,142,0,0,90,85,84,83,0,86,81,80,88,91,0,65,61,66,64,58,60,67,63,57,56,62,59,0,134,129,139,138,133,136,130,137,135,131,0,0,110,113,105,106,114,0,104,108,111,0,107,0,0,10,19,11,16,12,0,18,15,14,13,22,0,0,26,0,23,30,20,25,29,24,28,55,48,47,53,52,50,45,0,51,44,46,54
114,112,105,109,115,107,108,111,0,0,110,0,0,67,66,60,0,63,56,58,64,65,59,57,88,83,81,89,0,0,82,0,84,86,85,91,22,30,26,0,24,29,23,28,0,25,21,31,133,128,138,135,129,136,0,139,137,131,130,132,75,78,0,0,71,77,74,69,68,0,79,70,53,0,54,0,0,48,0,51,45,44,0,47,120,122,117,0,0,121,0,118,0,123,119,116,97,98,101,93,94,102,100,0,96,99,0,0,141,5,0,7,143,0,144,140,0,3,0,1,10,19,9,14,15,11,18,8,13,0,12,16,43,0,35,41,40,38,33,37,39,32,34,42
30,28,21,0,31,23,24,27,29,0,26,20,0,127,126,120,121,123,116,118,124,0,119,0,4,143,141,5,6,140,142,3,144,2,1,7,82,90,86,87,0,89,0,88,80,85,81,91,0,44,54,51,45,0,50,0,53,0,46,48,0,138,133,132,131,137,134,0,128,136,139,130,113,0,0,112,106,0,0,111,105,104,110,107,36,38,0,43,0,37,0,34,41,39,35,32,13,14,17,9,0,0,0,8,0,15,19,11,0,65,58,67,0,0,60,56,0,0,62,61,70,79,69,0,0,71,78,0,73,77,72,0,103,96,0,0,0,98,93,97,99,92,0,0
90,0,81,85,0,83,0,87,0,82,0,0,38,43,42,36,37,39,0,0,0,0,35,33,64,0,57,0,66,56,58,63,60,0,0,67,142,6,2,3,0,5,143,4,0,0,141,0,0,0,114,0,0,112,110,0,113,0,106,108,0,54,49,48,47,53,50,45,44,52,55,0,29,25,30,28,22,0,31,27,21,0,26,0,96,0,93,103,102,97,100,94,101,99,0,92,73,74,0,69,70,78,76,68,72,0,0,71,117,0,118,127,119,0,120,0,126,123,122,121,0,139,0,134,135,131,138,128,133,137,132,136,19,12,11,17,0,14,9,13,15,8,10,18
0,0,33,0,43,35,36,39,41,34,0,0,134,0,0,132,133,135,0,130,0,137,131,0,16,11,9,0,18,8,10,0,12,14,13,19,94,102,98,0,96,0,0,100,92,97,93,103,61,56,66,63,0,64,62,67,0,59,58,60,3,6,1,144,143,5,2,141,140,4,0,142,0,121,126,0,0,120,127,123,117,116,0,119,48,50,45,55,54,0,52,46,53,51,47,44,25,26,29,21,22,30,28,20,0,27,31,0,69,77,70,0,71,76,0,68,0,75,74,73,82,91,81,86,87,83,90,80,85,0,84,88,0,108,107,113,112,0,0,109,0,104,106,0
0,76,0,73,79,71,72,75,77,70,0,0,0,0,30,24,25,27,20,22,28,29,23,21,0,47,0,53,54,0,46,51,48,50,0,0,130,138,0,135,132,137,131,136,128,133,0,0,97,92,102,99,93,100,98,103,101,95,0,96,39,42,37,36,35,41,38,0,32,40,0,34,17,13,18,0,0,0,19,15,9,8,14,11,84,0,81,91,90,85,88,82,89,87,83,0,61,62,65,0,58,66,64,56,60,63,67,59,0,113,106,0,107,112,108,104,114,111,110,109,118,127,117,122,123,119,126,0,121,125,120,0,7,144,0,0,0,2,141,1,3,140,142,6
104,102,0,99,105,97,98,101,0,96,100,94,52,57,56,0,0,53,0,48,54,55,49,47,78,73,0,79,80,70,0,77,74,76,75,0,0,20,0,17,0,19,13,0,10,15,11,21,123,118,0,0,119,126,124,0,127,121,120,122,65,68,63,62,61,0,64,59,58,66,69,60,43,0,44,42,36,38,45,0,35,34,40,0,110,112,0,117,116,111,114,108,115,113,109,0,87,88,91,83,84,92,90,0,86,89,0,85,131,139,132,141,133,138,134,130,140,137,136,135,144,9,143,4,5,1,8,142,3,7,2,6,33,26,0,31,0,0,23,27,29,22,0,0
20,18,11,15,21,13,14,0,19,12,16,0,0,0,0,110,0,0,106,108,114,115,109,107,138,133,0,139,140,130,132,137,134,0,135,141,0,80,76,77,74,0,73,0,70,75,71,81,39,34,44,41,35,0,40,45,43,37,36,38,125,0,0,0,0,0,0,0,118,126,129,120,0,99,104,102,96,98,0,101,95,94,100,97,26,28,23,0,0,27,0,24,31,29,25,22,3,4,7,143,144,8,6,142,2,0,9,1,47,55,48,57,49,0,50,0,56,0,0,51,60,69,59,64,65,61,68,0,63,67,0,0,93,86,85,91,90,88,83,0,0,82,84,0
0,90,83,87,93,85,86,0,91,84,88,82,40,45,0,38,39,0,34,0,42,0,0,35,66,61,59,67,68,58,60,0,62,64,63,0,0,8,4,5,2,7,1,6,142,3,143,9,0,106,116,0,107,114,112,0,115,109,0,0,0,56,51,50,49,0,52,47,46,54,57,0,31,27,32,30,24,26,33,29,23,22,0,25,98,100,95,105,104,99,102,96,103,101,97,0,75,76,79,71,72,80,78,70,74,77,81,73,119,127,120,129,121,0,122,118,128,0,124,0,132,141,131,136,0,133,140,130,135,0,134,138,21,14,13,0,0,16,11,15,0,0,12,0
140,138,0,135,141,133,134,137,139,132,136,0,88,0,92,86,87,0,82,84,0,91,85,83,0,0,0,0,116,0,0,113,110,0,111,117,48,56,52,0,50,0,49,54,46,51,47,57,15,10,0,17,0,0,16,21,19,0,12,14,101,104,99,98,0,103,100,0,94,102,105,96,79,75,80,78,0,74,0,77,0,70,76,73,2,4,143,9,8,3,6,144,7,5,1,142,123,0,127,0,120,128,0,118,122,0,0,121,0,31,0,33,25,0,26,22,32,29,28,0,36,45,35,40,41,37,44,34,39,43,38,42,69,62,61,0,66,64,59,63,0,0,60,68
116,0,107,111,117,0,110,113,115,108,112,106,0,0,68,62,0,0,0,60,66,67,61,0,0,0,83,91,0,82,84,89,86,0,87,93,24,32,28,29,26,0,25,0,0,27,23,0,135,130,140,137,131,138,136,141,139,0,132,134,0,0,75,74,73,79,76,71,70,78,81,72,55,51,56,54,48,50,0,53,0,46,52,49,122,124,119,129,128,123,126,120,127,125,121,118,99,100,103,95,0,104,102,94,0,101,0,97,0,7,144,0,1,0,0,142,8,0,4,3,12,21,11,16,17,0,0,10,0,0,0,0,45,38,37,0,42,40,35,39,41,0,36,44
32,0,23,27,33,25,26,29,0,24,28,0,124,129,0,122,123,125,118,120,126,0,0,119,0,1,0,7,8,142,144,5,2,0,3,9,84,92,0,89,86,91,85,90,0,87,83,93,51,46,56,53,47,54,52,57,55,49,48,50,137,140,0,0,133,139,136,0,130,138,141,132,115,111,0,114,108,110,0,113,0,106,112,109,38,40,35,45,44,39,42,36,43,41,37,0,0,16,19,0,0,20,18,10,0,0,21,13,59,0,60,69,61,0,62,58,0,65,64,0,0,81,0,76,0,73,0,70,75,79,0,0,105,98,97,103,102,100,0,0,101,94,0,104
80,78,0,0,81,73,74,0,79,0,0,70,0,33,32,0,0,0,22,24,30,31,0,0,54,49,47,0,56,0,48,53,50,52,51,57,132,140,136,137,0,139,133,138,0,135,131,141,99,94,104,101,0,0,100,105,103,0,96,0,41,44,39,38,37,43,40,35,34,42,45,36,19,0,20,18,12,14,21,17,11,10,0,13,86,88,83,93,92,0,90,84,91,89,85,82,63,64,67,0,0,68,66,0,0,65,69,61,107,115,108,117,109,0,0,106,116,113,0,111,120,129,0,124,125,121,128,118,0,127,122,126,9,2,1,7,6,4,143,3,0,142,144,8
44,42,35,39,45,37,38,41,0,36,40,34,136,141,140,134,135,137,130,132,138,139,133,0,0,13,0,19,0,10,12,17,14,16,0,21,96,104,0,101,98,103,97,102,0,99,95,105,63,58,68,65,59,66,64,0,67,61,60,62,5,8,0,2,1,0,4,143,142,6,9,144,127,0,0,0,0,122,129,125,119,118,124,121,50,52,0,57,0,51,0,48,55,53,49,0,27,28,0,23,24,0,30,0,26,29,33,25,0,0,72,0,73,78,0,70,80,77,76,75,0,93,83,0,89,0,92,82,87,91,86,90,117,110,109,115,114,112,107,111,113,106,0,0
68,66,59,63,69,61,62,0,67,60,64,58,16,21,0,14,15,17,10,12,0,19,13,11,42,0,0,43,0,34,36,41,38,40,39,45,120,128,124,125,122,0,0,126,118,123,119,0,87,0,92,89,0,90,88,93,0,85,84,86,29,32,27,26,25,31,28,23,22,30,33,24,7,0,8,0,144,0,9,5,143,142,4,1,0,76,71,81,80,75,78,72,0,77,73,70,51,52,0,0,48,56,54,46,50,0,57,49,95,103,96,105,97,0,98,0,104,101,0,99,0,117,107,112,113,109,116,0,111,0,110,114,141,134,133,139,138,136,0,135,137,130,132,140
128,0,119,123,0,121,122,125,0,120,124,118,76,0,80,0,0,77,70,72,78,0,73,71,0,97,95,0,104,0,96,101,98,100,99,105,36,0,40,41,0,43,37,42,34,39,35,45,0,142,8,5,143,0,4,0,7,1,144,0,89,92,87,0,85,91,88,0,0,90,93,0,0,63,68,0,60,62,0,65,59,0,64,61,134,136,131,0,140,135,138,0,139,137,133,130,111,112,115,107,108,116,114,106,110,113,117,109,11,0,12,21,13,18,14,10,20,0,16,15,24,33,23,28,0,25,32,22,27,31,26,30,57,50,49,55,54,52,0,51,53,0,48,56
8,6,143,3,9,1,2,0,7,144,0,142,0,105,104,98,99,101,0,96,0,103,97,95,126,121,119,127,128,118,120,125,122,124,123,129,60,68,0,0,62,67,61,66,0,63,59,69,27,0,32,29,23,0,0,0,0,25,24,26,113,116,111,0,109,115,0,107,106,0,117,108,0,0,92,90,84,86,93,0,0,82,88,85,0,0,11,21,20,15,18,12,0,17,13,10,135,0,139,131,132,0,138,130,0,137,141,133,35,43,36,0,37,0,38,34,44,0,40,0,48,0,0,52,0,49,56,46,51,55,50,0,81,74,0,79,78,76,0,0,77,70,0,0
0,54,47,51,57,0,50,53,55,48,52,46,4,9,8,0,3,5,0,144,6,0,0,143,30,25,23,31,32,22,24,29,26,0,27,0,108,116,0,113,0,115,109,0,106,111,107,0,75,0,80,77,71,0,76,81,79,73,0,74,17,0,15,14,13,19,16,11,10,0,21,12,139,135,140,138,132,134,141,137,131,130,136,133,62,0,59,69,68,63,66,60,0,65,61,58,39,0,43,35,0,44,42,0,38,0,45,37,0,0,84,93,85,0,86,82,92,89,0,0,96,105,95,100,101,97,0,94,0,103,98,0,129,122,121,127,0,124,119,123,125,118,120,128
141,139,0,136,142,134,135,138,140,133,137,131,89,0,93,0,88,90,83,85,91,92,0,0,0,110,108,116,117,107,109,114,0,113,112,0,49,0,53,54,0,56,50,55,47,0,0,0,16,11,21,18,12,19,17,22,0,14,13,0,102,0,0,99,0,0,101,96,95,103,106,97,80,76,81,79,0,75,82,78,72,0,77,74,3,5,144,10,9,4,7,1,0,6,0,0,0,125,128,120,0,129,127,119,123,0,130,122,24,0,25,34,26,31,27,0,0,30,29,28,37,46,36,41,42,38,45,0,40,44,0,43,70,63,62,68,67,65,60,64,66,59,0,69
0,7,144,4,0,2,3,6,8,1,5,143,101,0,105,99,100,102,95,97,0,104,0,0,127,0,120,0,129,0,0,0,123,0,124,130,61,0,65,66,63,68,62,0,59,64,0,70,28,23,0,30,24,31,29,34,32,26,0,27,114,117,0,111,0,116,113,108,107,0,118,109,92,88,93,91,85,0,94,90,84,83,89,86,0,0,12,0,21,16,19,0,20,18,14,11,136,137,140,132,133,141,0,131,135,138,142,134,36,44,37,46,38,43,0,35,45,42,41,40,49,58,0,53,54,0,57,47,52,56,51,55,82,0,74,80,79,77,0,76,78,71,0,81
21,19,12,16,0,14,15,18,0,0,17,11,113,118,0,111,112,114,107,109,115,116,110,108,139,0,132,0,141,0,0,0,0,137,0,142,0,81,77,0,75,80,74,0,71,76,0,82,40,0,45,42,36,0,41,46,44,38,37,39,126,129,124,123,122,0,0,120,119,127,130,121,0,100,105,0,97,99,106,102,0,95,101,0,27,29,24,34,33,28,31,0,32,30,26,0,0,5,8,144,0,9,7,143,0,0,10,2,48,56,49,58,50,55,0,47,57,54,53,0,61,70,60,65,0,62,69,59,64,0,0,67,0,87,86,0,91,89,84,0,90,0,85,93
93,91,84,88,0,86,0,90,0,0,89,0,41,46,45,0,40,42,0,37,0,44,38,0,0,62,0,68,69,59,61,66,63,65,64,0,0,0,5,6,3,8,2,0,143,0,144,10,112,107,117,114,108,115,113,118,0,110,109,0,54,57,52,51,0,56,53,0,47,55,58,49,32,28,33,31,25,27,0,30,0,23,29,0,99,101,96,106,105,100,0,97,104,102,98,95,76,77,80,0,73,0,79,71,75,0,82,74,120,128,121,130,122,127,123,119,129,126,125,0,133,142,132,137,138,134,141,131,136,140,135,139,22,15,14,20,19,0,12,16,18,11,0,0
69,67,60,64,70,62,0,66,68,61,65,59,17,22,21,15,16,18,0,0,19,20,14,12,0,38,0,44,0,35,37,42,39,41,0,46,121,129,125,126,123,128,122,127,119,124,0,130,88,0,93,90,84,91,0,94,92,86,85,87,0,33,28,27,26,32,29,24,23,31,0,25,8,0,9,0,1,3,10,6,144,0,0,0,75,77,0,0,81,0,79,73,0,78,74,71,52,53,56,48,0,0,55,47,0,0,0,0,96,104,0,0,98,103,99,95,105,102,101,100,109,118,0,0,0,110,0,0,112,116,111,115,142,135,134,140,0,0,0,136,138,131,0,141
129,0,0,124,130,122,0,126,128,121,0,119,77,82,81,75,76,78,71,0,79,80,0,72,103,0,0,0,105,0,97,0,99,0,100,106,0,0,41,42,0,44,38,43,35,40,36,46,4,143,0,0,144,0,5,10,8,2,0,3,90,93,0,87,86,92,89,0,83,91,94,85,68,64,69,67,61,63,0,66,60,59,0,0,135,137,0,0,141,136,0,133,140,0,134,0,112,113,0,0,0,0,115,107,111,114,118,110,0,20,13,22,14,19,15,0,21,0,17,16,0,34,24,29,30,26,33,0,28,32,27,31,58,0,0,56,55,53,48,52,54,47,49,57
0,0,72,76,82,74,75,78,80,73,77,0,0,34,0,27,0,0,23,25,31,32,0,24,55,50,48,56,57,47,49,54,51,53,52,58,133,141,137,138,135,140,134,139,0,136,0,142,100,0,0,102,96,103,101,106,0,98,97,99,42,45,40,0,0,0,41,36,35,0,46,37,0,16,21,19,0,15,22,18,12,0,17,14,87,89,0,0,0,88,91,85,92,90,86,83,0,65,0,60,61,69,67,59,63,66,70,62,108,116,0,118,110,115,0,0,117,114,113,112,121,130,120,125,0,122,0,119,124,0,123,127,10,3,0,0,7,5,0,4,6,143,1,9
33,31,24,28,0,26,0,30,0,25,29,0,125,130,129,123,124,126,0,121,127,0,122,120,7,2,144,8,9,143,1,6,3,5,4,10,85,93,89,90,87,92,0,91,83,88,84,94,0,47,0,0,48,55,53,58,56,50,49,0,138,141,0,135,134,140,137,132,131,139,142,133,116,112,0,115,109,111,118,114,108,107,113,110,39,41,36,0,45,0,43,37,44,42,38,35,0,17,20,0,13,21,19,11,15,18,22,14,60,0,0,70,0,67,0,0,0,66,65,64,73,0,0,77,78,0,0,0,76,80,75,79,106,99,98,104,103,0,96,0,102,95,0,0
105,103,96,0,106,0,99,102,104,97,101,0,53,0,57,51,52,54,47,49,55,56,50,48,0,74,72,0,81,0,73,78,75,0,76,82,13,21,17,0,15,20,14,0,11,16,12,22,124,119,129,0,120,127,125,130,0,122,0,123,66,69,64,63,62,68,65,60,59,67,70,61,44,0,45,0,37,39,0,42,36,35,41,38,111,113,108,0,0,112,115,109,116,114,110,107,88,89,0,84,85,93,0,83,87,0,94,86,132,140,0,142,0,139,135,131,141,0,137,136,0,0,144,5,6,2,9,143,4,8,3,7,0,27,0,32,31,0,24,28,30,23,25,33
45,43,36,40,46,38,39,0,44,37,41,35,137,0,141,135,0,138,131,133,139,0,0,132,19,14,12,20,21,11,13,18,0,17,0,0,97,0,101,0,99,104,0,103,0,0,0,106,0,59,69,66,60,67,0,70,68,62,61,63,0,9,4,3,2,8,5,144,143,7,10,1,128,124,0,127,121,0,130,126,0,119,125,122,51,53,48,58,0,52,55,49,56,54,50,47,28,0,32,24,25,0,0,23,0,30,34,26,72,0,73,82,0,79,75,0,81,78,77,76,85,94,84,89,90,86,93,83,88,92,87,91,118,111,110,116,115,113,108,112,114,107,0,117
117,115,108,112,0,110,111,114,116,109,0,107,65,0,0,63,64,66,59,61,67,0,0,0,91,86,84,92,93,83,85,90,87,89,88,94,25,33,0,30,0,32,26,31,0,0,24,0,136,131,141,0,132,139,0,142,140,134,0,135,78,81,76,75,0,0,77,0,71,79,82,73,0,52,0,55,49,51,58,0,0,47,53,50,123,0,0,130,129,124,127,121,128,126,122,119,0,101,104,96,97,105,103,0,99,102,106,98,144,8,1,10,2,7,3,0,0,6,5,4,13,22,0,17,0,14,21,11,16,20,15,19,46,39,38,0,43,41,36,40,0,35,0,45
57,55,48,52,58,0,51,0,56,49,53,47,0,10,9,3,4,6,143,1,7,0,2,144,31,0,24,32,33,23,0,0,27,29,0,34,0,117,113,114,111,116,110,115,107,112,0,0,76,71,0,78,72,79,77,0,80,74,73,75,18,21,0,15,0,20,0,12,11,0,22,0,0,136,0,139,133,135,142,138,132,131,0,0,63,65,60,70,0,64,67,61,68,0,62,59,0,41,44,36,37,45,43,35,39,42,0,38,0,92,0,0,0,91,87,83,93,0,89,0,0,0,96,101,102,98,105,95,0,104,0,103,0,123,122,128,127,125,0,124,126,0,121,129
115,113,106,110,0,0,109,112,114,107,0,105,63,0,67,61,62,64,57,0,65,66,60,58,0,84,82,90,91,81,83,88,85,0,86,0,0,31,27,28,25,0,24,0,21,26,22,32,0,129,139,136,0,137,135,140,138,132,131,133,76,0,74,73,72,78,75,70,69,77,80,71,0,50,0,53,47,49,56,52,46,45,51,48,121,123,0,128,0,122,125,119,126,124,120,117,98,99,102,0,95,103,101,93,97,100,104,0,142,0,143,0,0,5,1,141,7,4,3,2,11,20,10,15,16,12,0,9,0,18,13,17,44,37,0,42,41,39,34,38,40,0,35,0
67,65,58,0,68,60,61,64,66,59,63,57,15,20,19,13,14,16,9,11,17,18,12,10,41,0,34,0,43,33,35,40,37,39,38,0,119,127,123,0,121,0,120,125,0,122,0,128,86,0,91,88,82,0,87,92,0,84,0,85,28,31,26,25,24,30,0,22,21,29,32,23,0,2,0,5,143,1,8,4,142,141,3,0,73,75,70,80,79,0,0,0,0,0,72,69,0,51,0,46,47,55,53,45,49,52,56,48,94,102,95,0,96,0,97,93,103,100,99,98,107,0,106,0,112,0,0,105,110,114,109,0,140,0,132,138,0,135,130,134,136,129,131,139
43,41,34,38,44,36,37,40,42,35,39,33,135,140,139,0,0,136,129,0,137,138,0,0,17,12,10,18,19,9,11,0,13,15,14,20,0,103,99,100,0,102,96,101,93,98,0,0,62,57,67,64,58,65,63,68,66,60,0,61,4,0,2,0,144,6,0,142,141,5,8,143,126,122,127,0,119,121,128,124,118,117,0,0,49,51,46,56,55,50,53,0,54,0,48,0,0,27,30,22,0,0,0,21,0,28,32,24,70,0,71,80,72,77,0,69,79,76,75,74,83,92,0,0,0,84,91,0,86,90,0,0,116,0,108,0,113,111,106,110,0,105,107,115
0,101,0,0,104,96,97,100,0,0,99,93,0,0,55,49,50,52,0,0,53,54,0,46,77,72,70,78,0,69,71,76,0,75,74,80,11,19,15,16,13,18,12,0,9,0,0,0,122,117,127,124,118,0,123,128,126,120,119,121,0,67,62,61,60,0,0,58,57,0,68,59,42,38,43,41,0,37,44,40,34,0,39,36,109,0,106,116,0,110,113,107,114,112,108,105,86,87,90,82,83,91,89,81,85,0,92,0,130,138,0,140,132,137,133,129,139,136,135,134,143,8,142,3,0,144,7,0,0,6,1,5,0,25,24,0,0,27,0,26,28,21,23,31
91,89,82,86,92,84,85,88,90,83,87,0,0,44,43,37,0,40,33,0,41,42,36,34,65,60,58,66,67,57,59,64,0,0,0,68,143,7,3,0,1,6,144,5,0,2,142,8,110,105,115,0,106,113,111,116,114,0,107,109,52,55,50,0,48,0,51,46,45,0,0,0,30,26,31,29,23,25,32,0,22,21,27,24,97,99,0,104,103,0,101,95,102,100,0,93,0,75,78,70,0,79,77,0,73,0,80,72,118,126,0,128,0,125,121,117,127,124,123,122,0,0,130,135,136,0,139,129,0,138,133,137,20,13,0,18,17,15,10,14,0,0,11,19
7,5,142,2,8,144,1,0,6,143,0,141,99,0,0,97,98,0,93,95,101,102,96,0,125,120,118,126,127,117,119,124,121,123,0,0,59,67,63,64,61,66,60,65,57,62,58,68,26,0,31,28,22,29,27,32,0,0,23,0,112,115,110,0,108,114,111,0,105,0,116,107,90,0,91,89,83,85,0,88,0,81,87,84,13,15,10,20,19,14,17,11,18,16,12,9,134,135,138,0,131,139,0,0,133,136,140,0,34,42,0,44,36,41,37,33,43,40,39,0,47,56,46,0,0,0,0,45,50,54,49,0,80,73,72,0,0,0,0,0,76,0,0,79
19,17,10,14,20,12,13,16,18,0,15,9,111,116,115,109,110,112,105,107,113,114,108,0,137,0,130,138,139,129,131,136,0,135,134,140,71,79,75,76,0,0,0,77,69,74,70,0,38,33,0,0,34,41,39,44,42,36,0,37,124,127,122,121,120,126,123,118,117,125,128,119,0,98,0,101,95,97,104,0,94,93,99,0,25,27,22,0,31,26,29,0,30,28,24,21,2,3,6,0,0,7,0,141,0,4,0,0,0,0,47,56,48,53,49,0,55,0,51,0,59,68,58,63,0,60,67,57,62,0,0,65,0,85,0,90,0,0,82,86,0,0,0,91
127,125,0,122,128,120,121,0,0,0,0,117,0,0,79,73,74,0,69,71,77,78,72,70,101,0,0,0,103,93,95,100,97,0,98,104,35,43,0,40,37,42,0,0,0,0,34,0,0,141,7,4,142,5,0,8,6,144,0,1,88,91,86,85,0,0,87,82,0,0,92,83,0,62,67,0,0,61,68,0,58,57,63,60,0,135,130,140,139,134,137,131,138,136,132,129,110,0,0,0,0,115,0,0,109,112,0,0,10,18,11,20,12,0,13,9,19,16,15,14,23,32,22,0,28,24,31,0,26,30,25,29,56,49,48,54,53,51,46,50,0,45,0,55
0,29,22,26,0,24,25,0,30,23,27,21,123,128,127,121,122,0,117,0,0,126,120,118,0,144,142,6,7,0,143,4,1,3,0,8,83,91,0,88,85,90,84,89,81,86,0,92,50,45,55,0,46,53,51,56,54,48,0,0,136,0,0,0,0,138,135,130,129,137,140,131,114,110,115,113,107,109,116,112,106,105,111,108,37,39,34,44,43,38,41,0,42,40,0,33,0,15,18,10,11,0,0,9,13,16,20,12,58,66,59,68,60,0,61,57,67,64,63,62,0,80,70,75,76,72,79,0,74,78,73,77,0,97,96,102,101,99,94,0,100,93,95,103
139,0,130,134,140,132,133,136,138,131,0,129,0,0,91,85,86,88,0,83,0,90,0,82,113,108,106,114,115,0,107,112,0,111,110,116,47,55,51,52,49,54,48,0,0,0,0,56,14,9,19,16,10,17,15,0,18,0,0,13,100,103,98,0,96,102,0,94,93,101,0,95,78,74,0,77,0,73,80,76,70,69,75,72,0,3,142,0,7,2,5,143,6,4,0,141,122,123,0,118,119,127,125,117,121,0,128,120,22,30,23,32,24,29,25,21,31,28,27,26,35,0,0,39,40,0,43,33,38,42,37,41,0,61,60,66,0,63,0,62,64,57,0,67
0,53,46,0,0,48,0,0,0,47,51,0,3,0,7,1,0,0,0,0,5,6,0,0,29,0,0,30,31,21,23,0,25,27,26,32,107,115,111,112,0,114,108,113,105,110,106,116,74,69,0,0,70,77,75,80,78,0,71,73,16,19,14,0,12,18,15,10,9,0,0,11,138,134,139,137,131,133,140,136,130,129,135,132,61,63,58,68,0,62,65,59,66,64,60,57,38,0,42,34,35,43,41,33,37,40,44,36,0,90,83,92,84,89,85,81,0,88,87,86,95,0,94,99,100,96,103,93,98,102,97,101,128,121,120,126,0,0,118,122,124,0,119,0
79,77,70,74,0,72,73,76,78,71,75,69,27,32,31,25,26,28,0,23,29,30,0,22,0,48,46,54,0,45,47,52,0,51,50,56,131,139,135,136,133,138,132,137,129,134,130,140,0,0,103,0,94,101,99,104,102,96,95,97,40,43,0,37,0,42,39,34,33,41,0,35,18,14,19,0,11,13,20,0,10,9,15,12,0,0,82,92,91,86,89,83,90,88,84,81,62,0,66,0,59,67,65,0,61,0,68,0,106,0,107,116,108,113,0,105,115,112,111,110,0,0,118,123,124,120,127,117,0,0,121,125,0,1,144,6,0,0,0,2,4,141,0,7
